Parameters: 100 100 0.7 250
1779.67 2047.11 2348.02 2685.48 3062.67 3482.88 3949.44 4465.72 5035.08 5660.84 6346.21 7094.27 7907.87 8789.63 9741.84 10766.4 11864.8 13037.9 14286.1 15609.2 17006.1 18475.2 20014 21619 23286.1 25010.3 26785.4 28604.8 30460.5 32344 34246.1 36156.6 38064.7 39959.2 41828.3 43659.9 45441.7 47161.3 48806.3 50364.5 51824.3 53174.2 54403.6 55502.6 56462.3 57274.7 57933 58431.7 58766.6 58934.7 58934.7 58766.6 58431.7 57933 57274.7 56462.3 55502.6 54403.6 53174.2 51824.3 50364.5 48806.3 47161.3 45441.7 43659.9 41828.3 39959.2 38064.7 36156.6 34246.1 32344 30460.5 28604.8 26785.4 25010.3 23286.1 21619 20014 18475.2 17006.1 15609.2 14286.1 13037.9 11864.8 10766.4 9741.84 8789.63 7907.87 7094.27 6346.21 5660.84 5035.08 4465.72 3949.44 3482.88 3062.67 2685.48 2348.02 2047.11 1779.67 
2047.11 2354.74 2700.87 3089.03 3522.91 4006.26 4542.93 5136.8 5791.72 6511.52 7299.88 8160.35 9096.22 10110.5 11205.8 12384.3 13647.7 14997.1 16432.9 17954.8 19561.7 21251.6 23021.5 24867.8 26785.4 28768.7 30810.6 32903.3 35037.9 37204.5 39392.4 41590 43784.8 45964 48114 50220.8 52270.4 54248.4 56140.6 57933 59612.1 61164.9 62579 63843.2 64947.1 65881.6 66638.8 67212.5 67597.6 67791 67791 67597.6 67212.5 66638.8 65881.6 64947.1 63843.2 62579 61164.9 59612.1 57933 56140.6 54248.4 52270.4 50220.8 48114 45964 43784.8 41590 39392.4 37204.5 35037.9 32903.3 30810.6 28768.7 26785.4 24867.8 23021.5 21251.6 19561.7 17954.8 16432.9 14997.1 13647.7 12384.3 11205.8 10110.5 9096.22 8160.35 7299.88 6511.52 5791.72 5136.8 4542.93 4006.26 3522.91 3089.03 2700.87 2354.74 2047.11 
2348.02 2700.87 3097.87 3543.1 4040.75 4595.15 5210.71 5891.87 6643.06 7468.66 8372.91 9359.86 10433.3 11596.6 12852.9 14204.7 15653.8 17201.6 18848.4 20594 22437.1 24375.4 26405.5 28523.1 30722.7 32997.4 35339.5 37739.8 40188.2 42673.3 45182.8 47703.3 50220.8 52720.3 55186.4 57602.9 59953.7 62222.4 64392.8 66448.7 68374.6 70155.6 71777.6 73227.6 74493.8 75565.6 76434.2 77092.1 77533.9 77755.8 77755.8 77533.9 77092.1 76434.2 75565.6 74493.8 73227.6 71777.6 70155.6 68374.6 66448.7 64392.8 62222.4 59953.7 57602.9 55186.4 52720.3 50220.8 47703.3 45182.8 42673.3 40188.2 37739.8 35339.5 32997.4 30722.7 28523.1 26405.5 24375.4 22437.1 20594 18848.4 17201.6 15653.8 14204.7 12852.9 11596.6 10433.3 9359.86 8372.91 7468.66 6643.06 5891.87 5210.71 4595.15 4040.75 3543.1 3097.87 2700.87 2348.02 
2685.48 3089.03 3543.1 4052.31 4621.48 5255.56 5959.59 6738.64 7597.8 8542.05 9576.26 10705.1 11932.8 13263.3 14700.2 16246.2 17903.6 19673.8 21557.3 23553.8 25661.7 27878.6 30200.5 32622.5 35138.1 37739.8 40418.5 43163.8 45964 48806.3 51676.4 54559.2 57438.6 60297.3 63117.7 65881.6 68570.2 71165 73647.3 75998.7 78201.4 80238.3 82093.5 83751.9 85200 86425.9 87419.3 88171.8 88677.1 88930.8 88930.8 88677.1 88171.8 87419.3 86425.9 85200 83751.9 82093.5 80238.3 78201.4 75998.7 73647.3 71165 68570.2 65881.6 63117.7 60297.3 57438.6 54559.2 51676.4 48806.3 45964 43163.8 40418.5 37739.8 35138.1 32622.5 30200.5 27878.6 25661.7 23553.8 21557.3 19673.8 17903.6 16246.2 14700.2 13263.3 11932.8 10705.1 9576.26 8542.05 7597.8 6738.64 5959.59 5255.56 4621.48 4052.31 3543.1 3089.03 2685.48 
3062.67 3522.91 4040.75 4621.48 5270.6 5993.74 6796.65 7685.13 8664.96 9741.84 10921.3 12208.6 13608.8 15126.2 16764.9 18528.1 20418.3 22437.1 24585.2 26862.1 29266.1 31794.3 34442.4 37204.5 40073.5 43040.6 46095.5 49226.4 52419.9 55661.4 58934.7 62222.4 65506.2 68766.4 71983 75135 78201.4 81160.6 83991.5 86673.2 89185.3 91508.3 93624 95515.4 97166.9 98564.9 99697.9 100556 101132 101422 101422 101132 100556 99697.9 98564.9 97166.9 95515.4 93624 91508.3 89185.3 86673.2 83991.5 81160.6 78201.4 75135 71983 68766.4 65506.2 62222.4 58934.7 55661.4 52419.9 49226.4 46095.5 43040.6 40073.5 37204.5 34442.4 31794.3 29266.1 26862.1 24585.2 22437.1 20418.3 18528.1 16764.9 15126.2 13608.8 12208.6 10921.3 9741.84 8664.96 7685.13 6796.65 5993.74 5270.6 4621.48 4040.75 3522.91 3062.67 
3482.88 4006.26 4595.15 5255.56 5993.74 6816.1 7729.17 8739.55 9853.81 11078.4 12419.7 13883.7 15475.9 17201.6 19065.1 21070.2 23219.7 25515.5 27958.3 30547.6 33281.5 36156.6 39167.9 42309.1 45571.7 48945.9 52419.9 55980.4 59612.1 63298.3 67020.7 70759.5 74493.8 78201.4 81859.3 85443.8 88930.8 92296.1 95515.4 98564.9 101422 104064 106470 108620 110498 112088 113377 114353 115008 115337 115337 115008 114353 113377 112088 110498 108620 106470 104064 101422 98564.9 95515.4 92296.1 88930.8 85443.8 81859.3 78201.4 74493.8 70759.5 67020.7 63298.3 59612.1 55980.4 52419.9 48945.9 45571.7 42309.1 39167.9 36156.6 33281.5 30547.6 27958.3 25515.5 23219.7 21070.2 19065.1 17201.6 15475.9 13883.7 12419.7 11078.4 9853.81 8739.55 7729.17 6816.1 5993.74 5255.56 4595.15 4006.26 3482.88 
3949.44 4542.93 5210.71 5959.59 6796.65 7729.17 8764.55 9910.28 11173.8 12562.5 14083.5 15743.5 17549.1 19505.9 21619 23892.7 26330.2 28933.5 31703.6 34639.7 37739.8 41000 44414.8 47976.7 51676.4 55502.6 59442 63479.4 67597.6 71777.6 75998.7 80238.3 84472.8 88677.1 92825 96889.7 100844 104660 108310 111769 115008 118004 120732 123171 125301 127103 128564 129671 130414 130787 130787 130414 129671 128564 127103 125301 123171 120732 118004 115008 111769 108310 104660 100844 96889.7 92825 88677.1 84472.8 80238.3 75998.7 71777.6 67597.6 63479.4 59442 55502.6 51676.4 47976.7 44414.8 41000 37739.8 34639.7 31703.6 28933.5 26330.2 23892.7 21619 19505.9 17549.1 15743.5 14083.5 12562.5 11173.8 9910.28 8764.55 7729.17 6796.65 5959.59 5210.71 4542.93 3949.44 
4465.72 5136.8 5891.87 6738.64 7685.13 8739.55 9910.28 11205.8 12634.5 14204.7 15924.5 17801.6 19843.1 22055.7 24445.1 27016 29772.1 32715.8 35848 39167.9 42673.3 46359.7 50220.8 54248.4 58431.7 62758.1 67212.5 71777.6 76434.2 81160.6 85933.4 90727.3 95515.4 100269 104959 109555 114026 118341 122469 126379 130042 133429 136514 139272 141680 143719 145371 146622 147462 147884 147884 147462 146622 145371 143719 141680 139272 136514 133429 130042 126379 122469 118341 114026 109555 104959 100269 95515.4 90727.3 85933.4 81160.6 76434.2 71777.6 67212.5 62758.1 58431.7 54248.4 50220.8 46359.7 42673.3 39167.9 35848 32715.8 29772.1 27016 24445.1 22055.7 19843.1 17801.6 15924.5 14204.7 12634.5 11205.8 9910.28 8739.55 7685.13 6738.64 5891.87 5136.8 4465.72 
5035.08 5791.72 6643.06 7597.8 8664.96 9853.81 11173.8 12634.5 14245.3 16015.8 17954.8 20071.2 22373.1 24867.8 27561.8 30460.5 33568 36887 40418.5 44161.7 48114 52270.4 56623.8 61164.9 65881.6 70759.5 75781.8 80929.1 86179.3 91508.3 96889.7 102295 107693 113053 118341 123523 128564 133429 138083 142492 146622 150441 153920 157029 159744 162042 163905 165316 166263 166739 166739 166263 165316 163905 162042 159744 157029 153920 150441 146622 142492 138083 133429 128564 123523 118341 113053 107693 102295 96889.7 91508.3 86179.3 80929.1 75781.8 70759.5 65881.6 61164.9 56623.8 52270.4 48114 44161.7 40418.5 36887 33568 30460.5 27561.8 24867.8 22373.1 20071.2 17954.8 16015.8 14245.3 12634.5 11173.8 9853.81 8664.96 7597.8 6643.06 5791.72 5035.08 
5660.84 6511.52 7468.66 8542.05 9741.84 11078.4 12562.5 14204.7 16015.8 18006.2 20186.2 22565.7 25153.6 27958.3 30987.2 34246.1 37739.8 41471.3 45441.7 49650.2 54093.6 58766.6 63661 68766.4 74069.3 79553.5 85200 90986.9 96889.7 102881 108931 115008 121077 127103 133049 138875 144542 150012 155245 160201 164844 169138 173049 176544 179597 182181 184275 185861 186927 187461 187461 186927 185861 184275 182181 179597 176544 173049 169138 164844 160201 155245 150012 144542 138875 133049 127103 121077 115008 108931 102881 96889.7 90986.9 85200 79553.5 74069.3 68766.4 63661 58766.6 54093.6 49650.2 45441.7 41471.3 37739.8 34246.1 30987.2 27958.3 25153.6 22565.7 20186.2 18006.2 16015.8 14204.7 12562.5 11078.4 9741.84 8542.05 7468.66 6511.52 5660.84 
6346.21 7299.88 8372.91 9576.26 10921.3 12419.7 14083.5 15924.5 17954.8 20186.2 22630.2 25297.8 28199 31343.3 34738.8 38392.4 42309.1 46492.3 50943.4 55661.4 60642.8 65881.6 71368.6 77092.1 83037.1 89185.3 95515.4 102003 108620 115337 122120 128932 135737 142492 149157 155689 162042 168174 174040 179597 184802 189616 194000 197919 201341 204238 206586 208364 209558 210158 210158 209558 208364 206586 204238 201341 197919 194000 189616 184802 179597 174040 168174 162042 155689 149157 142492 135737 128932 122120 115337 108620 102003 95515.4 89185.3 83037.1 77092.1 71368.6 65881.6 60642.8 55661.4 50943.4 46492.3 42309.1 38392.4 34738.8 31343.3 28199 25297.8 22630.2 20186.2 17954.8 15924.5 14083.5 12419.7 10921.3 9576.26 8372.91 7299.88 6346.21 
7094.27 8160.35 9359.86 10705.1 12208.6 13883.7 15743.5 17801.6 20071.2 22565.7 25297.8 28279.7 31522.9 35037.9 38833.6 42917.8 47296.2 51972.6 56948.3 62222.4 67791 73647.3 79781.1 86179.3 92825 99697.9 106774 114026 121424 128932 136514 144130 151736 159288 166739 174040 181143 187998 194555 200767 206586 211967 216868 221249 225074 228313 230937 232925 234260 234930 234930 234260 232925 230937 228313 225074 221249 216868 211967 206586 200767 194555 187998 181143 174040 166739 159288 151736 144130 136514 128932 121424 114026 106774 99697.9 92825 86179.3 79781.1 73647.3 67791 62222.4 56948.3 51972.6 47296.2 42917.8 38833.6 35037.9 31522.9 28279.7 25297.8 22565.7 20071.2 17801.6 15743.5 13883.7 12208.6 10705.1 9359.86 8160.35 7094.27 
7907.87 9096.22 10433.3 11932.8 13608.8 15475.9 17549.1 19843.1 22373.1 25153.6 28199 31522.9 35138.1 39056.2 43287.3 47839.8 52720.3 57933 63479.4 69358.4 75565.6 82093.5 88930.8 96062.7 103471 111132 119019 127103 135349 143719 152170 160659 169138 177556 185861 194000 201917 209558 216868 223792 230278 236276 241739 246622 250887 254497 257422 259638 261126 261873 261873 261126 259638 257422 254497 250887 246622 241739 236276 230278 223792 216868 209558 201917 194000 185861 177556 169138 160659 152170 143719 135349 127103 119019 111132 103471 96062.7 88930.8 82093.5 75565.6 69358.4 63479.4 57933 52720.3 47839.8 43287.3 39056.2 35138.1 31522.9 28199 25153.6 22373.1 19843.1 17549.1 15475.9 13608.8 11932.8 10433.3 9096.22 7907.87 
8789.63 10110.5 11596.6 13263.3 15126.2 17201.6 19505.9 22055.7 24867.8 27958.3 31343.3 35037.9 39056.2 43411.1 48114 53174.2 58598.9 64392.8 70557.6 77092.1 83991.5 91247.2 98847 106774 115008 123523 132291 141276 150441 159744 169138 178574 187998 197354 206586 215632 224432 232925 241049 248745 255955 262622 268694 274122 278862 282874 286125 288588 290242 291073 291073 290242 288588 286125 282874 278862 274122 268694 262622 255955 248745 241049 232925 224432 215632 206586 197354 187998 178574 169138 159744 150441 141276 132291 123523 115008 106774 98847 91247.2 83991.5 77092.1 70557.6 64392.8 58598.9 53174.2 48114 43411.1 39056.2 35037.9 31343.3 27958.3 24867.8 22055.7 19505.9 17201.6 15126.2 13263.3 11596.6 10110.5 8789.63 
9741.84 11205.8 12852.9 14700.2 16764.9 19065.1 21619 24445.1 27561.8 30987.2 34738.8 38833.6 43287.3 48114 53326.3 58934.7 64947.1 71368.6 78201.4 85443.8 93090.6 101132 109555 118341 127467 136905 146622 156581 166739 177050 187461 197919 208364 218734 228966 238992 248745 258158 267163 275693 283683 291073 297802 303818 309072 313519 317122 319852 321685 322605 322605 321685 319852 317122 313519 309072 303818 297802 291073 283683 275693 267163 258158 248745 238992 228966 218734 208364 197919 187461 177050 166739 156581 146622 136905 127467 118341 109555 101132 93090.6 85443.8 78201.4 71368.6 64947.1 58934.7 53326.3 48114 43287.3 38833.6 34738.8 30987.2 27561.8 24445.1 21619 19065.1 16764.9 14700.2 12852.9 11205.8 9741.84 
10766.4 12384.3 14204.7 16246.2 18528.1 21070.2 23892.7 27016 30460.5 34246.1 38392.4 42917.8 47839.8 53174.2 58934.7 65132.9 71777.6 78874.5 86425.9 94430 102881 111769 121077 130787 140873 151303 162042 173049 184275 195670 207177 218734 230278 241739 253046 264127 274906 285309 295261 304688 313519 321685 329122 335771 341577 346492 350474 353491 355517 356534 356534 355517 353491 350474 346492 341577 335771 329122 321685 313519 304688 295261 285309 274906 264127 253046 241739 230278 218734 207177 195670 184275 173049 162042 151303 140873 130787 121077 111769 102881 94430 86425.9 78874.5 71777.6 65132.9 58934.7 53174.2 47839.8 42917.8 38392.4 34246.1 30460.5 27016 23892.7 21070.2 18528.1 16246.2 14204.7 12384.3 10766.4 
11864.8 13647.7 15653.8 17903.6 20418.3 23219.7 26330.2 29772.1 33568 37739.8 42309.1 47296.2 52720.3 58598.9 64947.1 71777.6 79100.2 86921.2 95242.9 104064 113377 123171 133429 144130 155245 166739 178574 190703 203074 215632 228313 241049 253770 266401 278862 291073 302952 314416 325383 335771 345503 354503 362699 370026 376424 381840 386229 389554 391786 392907 392907 391786 389554 386229 381840 376424 370026 362699 354503 345503 335771 325383 314416 302952 291073 278862 266401 253770 241049 228313 215632 203074 190703 178574 166739 155245 144130 133429 123171 113377 104064 95242.9 86921.2 79100.2 71777.6 64947.1 58598.9 52720.3 47296.2 42309.1 37739.8 33568 29772.1 26330.2 23219.7 20418.3 17903.6 15653.8 13647.7 11864.8 
13037.9 14997.1 17201.6 19673.8 22437.1 25515.5 28933.5 32715.8 36887 41471.3 46492.3 51972.6 57933 64392.8 71368.6 78874.5 86921.2 95515.4 104660 114353 124587 135349 146622 158381 170594 183225 196230 209558 223153 236952 250887 264883 278862 292741 306434 319852 332905 345503 357554 368970 379664 389554 398560 406612 413642 419594 424417 428070 430523 431755 431755 430523 428070 424417 419594 413642 406612 398560 389554 379664 368970 357554 345503 332905 319852 306434 292741 278862 264883 250887 236952 223153 209558 196230 183225 170594 158381 146622 135349 124587 114353 104660 95515.4 86921.2 78874.5 71368.6 64392.8 57933 51972.6 46492.3 41471.3 36887 32715.8 28933.5 25515.5 22437.1 19673.8 17201.6 14997.1 13037.9 
14286.1 16432.9 18848.4 21557.3 24585.2 27958.3 31703.6 35848 40418.5 45441.7 50943.4 56948.3 63479.4 70557.6 78201.4 86425.9 95242.9 104660 114680 125301 136514 148307 160659 173544 186927 200767 215017 229621 244518 259638 274906 290242 305559 320767 335771 350474 364777 378581 391786 404295 416013 426849 436718 445540 453244 459765 465050 469053 471741 473091 473091 471741 469053 465050 459765 453244 445540 436718 426849 416013 404295 391786 378581 364777 350474 335771 320767 305559 290242 274906 259638 244518 229621 215017 200767 186927 173544 160659 148307 136514 125301 114680 104660 95242.9 86425.9 78201.4 70557.6 63479.4 56948.3 50943.4 45441.7 40418.5 35848 31703.6 27958.3 24585.2 21557.3 18848.4 16432.9 14286.1 
15609.2 17954.8 20594 23553.8 26862.1 30547.6 34639.7 39167.9 44161.7 49650.2 55661.4 62222.4 69358.4 77092.1 85443.8 94430 104064 114353 125301 136905 149157 162042 175539 189616 204238 219360 234930 250887 267163 283683 300366 317122 333858 350474 366868 382932 398560 413642 428070 441737 454541 466380 477163 486803 495220 502345 508119 512493 515430 516905 516905 515430 512493 508119 502345 495220 486803 477163 466380 454541 441737 428070 413642 398560 382932 366868 350474 333858 317122 300366 283683 267163 250887 234930 219360 204238 189616 175539 162042 149157 136905 125301 114353 104064 94430 85443.8 77092.1 69358.4 62222.4 55661.4 49650.2 44161.7 39167.9 34639.7 30547.6 26862.1 23553.8 20594 17954.8 15609.2 
17006.1 19561.7 22437.1 25661.7 29266.1 33281.5 37739.8 42673.3 48114 54093.6 60642.8 67791 75565.6 83991.5 93090.6 102881 113377 124587 136514 149157 162506 176544 191248 206586 222517 238992 255955 273340 291073 309072 327247 345503 363737 381840 399701 417203 434229 450661 466380 481271 495220 508119 519867 530369 539539 547302 553593 558359 561558 563165 563165 561558 558359 553593 547302 539539 530369 519867 508119 495220 481271 466380 450661 434229 417203 399701 381840 363737 345503 327247 309072 291073 273340 255955 238992 222517 206586 191248 176544 162506 149157 136514 124587 113377 102881 93090.6 83991.5 75565.6 67791 60642.8 54093.6 48114 42673.3 37739.8 33281.5 29266.1 25661.7 22437.1 19561.7 17006.1 
18475.2 21251.6 24375.4 27878.6 31794.3 36156.6 41000 46359.7 52270.4 58766.6 65881.6 73647.3 82093.5 91247.2 101132 111769 123171 135349 148307 162042 176544 191796 207770 224432 241739 259638 278066 296953 316217 335771 355517 375350 395159 414826 434229 453244 471741 489592 506669 522846 538000 552014 564776 576186 586148 594582 601416 606593 610069 611815 611815 610069 606593 601416 594582 586148 576186 564776 552014 538000 522846 506669 489592 471741 453244 434229 414826 395159 375350 355517 335771 316217 296953 278066 259638 241739 224432 207770 191796 176544 162042 148307 135349 123171 111769 101132 91247.2 82093.5 73647.3 65881.6 58766.6 52270.4 46359.7 41000 36156.6 31794.3 27878.6 24375.4 21251.6 18475.2 
20014 23021.5 26405.5 30200.5 34442.4 39167.9 44414.8 50220.8 56623.8 63661 71368.6 79781.1 88930.8 98847 109555 121077 133429 146622 160659 175539 191248 207770 225074 243124 261873 281262 301225 321685 342554 363737 385127 406612 428070 449375 470395 490993 511031 530369 548868 566392 582808 597989 611815 624175 634967 644103 651506 657115 660880 662771 662771 660880 657115 651506 644103 634967 624175 611815 597989 582808 566392 548868 530369 511031 490993 470395 449375 428070 406612 385127 363737 342554 321685 301225 281262 261873 243124 225074 207770 191248 175539 160659 146622 133429 121077 109555 98847 88930.8 79781.1 71368.6 63661 56623.8 50220.8 44414.8 39167.9 34442.4 30200.5 26405.5 23021.5 20014 
21619 24867.8 28523.1 32622.5 37204.5 42309.1 47976.7 54248.4 61164.9 68766.4 77092.1 86179.3 96062.7 106774 118341 130787 144130 158381 173544 189616 206586 224432 243124 262622 282874 303818 325383 347483 370026 392907 416013 439220 462400 485414 508119 530369 552014 572903 592886 611815 629548 645946 660880 674231 685889 695758 703755 709813 713881 715923 715923 713881 709813 703755 695758 685889 674231 660880 645946 629548 611815 592886 572903 552014 530369 508119 485414 462400 439220 416013 392907 370026 347483 325383 303818 282874 262622 243124 224432 206586 189616 173544 158381 144130 130787 118341 106774 96062.7 86179.3 77092.1 68766.4 61164.9 54248.4 47976.7 42309.1 37204.5 32622.5 28523.1 24867.8 21619 
23286.1 26785.4 30722.7 35138.1 40073.5 45571.7 51676.4 58431.7 65881.6 74069.3 83037.1 92825 103471 115008 127467 140873 155245 170594 186927 204238 222517 241739 261873 282874 304688 327247 350474 374279 398560 423206 448093 473091 498058 522846 547302 571268 594582 617082 638606 658995 678095 695758 711844 726224 738781 749411 758024 764550 768931 771131 771131 768931 764550 758024 749411 738781 726224 711844 695758 678095 658995 638606 617082 594582 571268 547302 522846 498058 473091 448093 423206 398560 374279 350474 327247 304688 282874 261873 241739 222517 204238 186927 170594 155245 140873 127467 115008 103471 92825 83037.1 74069.3 65881.6 58431.7 51676.4 45571.7 40073.5 35138.1 30722.7 26785.4 23286.1 
25010.3 28768.7 32997.4 37739.8 43040.6 48945.9 55502.6 62758.1 70759.5 79553.5 89185.3 99697.9 111132 123523 136905 151303 166739 183225 200767 219360 238992 259638 281262 303818 327247 351477 376424 401991 428070 454541 481271 508119 534934 561558 587825 613566 638606 662771 685889 707788 728302 747273 764550 779995 793481 804898 814150 821158 825864 828227 828227 825864 821158 814150 804898 793481 779995 764550 747273 728302 707788 685889 662771 638606 613566 587825 561558 534934 508119 481271 454541 428070 401991 376424 351477 327247 303818 281262 259638 238992 219360 200767 183225 166739 151303 136905 123523 111132 99697.9 89185.3 79553.5 70759.5 62758.1 55502.6 48945.9 43040.6 37739.8 32997.4 28768.7 25010.3 
26785.4 30810.6 35339.5 40418.5 46095.5 52419.9 59442 67212.5 75781.8 85200 95515.4 106774 119019 132291 146622 162042 178574 196230 215017 234930 255955 278066 301225 325383 350474 376424 403141 430523 458453 486803 515430 544184 572903 601416 629548 657115 683932 709813 734571 758024 779995 800312 818815 835356 849800 862027 871936 879442 884481 887012 887012 884481 879442 871936 862027 849800 835356 818815 800312 779995 758024 734571 709813 683932 657115 629548 601416 572903 544184 515430 486803 458453 430523 403141 376424 350474 325383 301225 278066 255955 234930 215017 196230 178574 162042 146622 132291 119019 106774 95515.4 85200 75781.8 67212.5 59442 52419.9 46095.5 40418.5 35339.5 30810.6 26785.4 
28604.8 32903.3 37739.8 43163.8 49226.4 55980.4 63479.4 71777.6 80929.1 90986.9 102003 114026 127103 141276 156581 173049 190703 209558 229621 250887 273340 296953 321685 347483 374279 401991 430523 459765 489592 519867 550439 581146 611815 642265 672307 701747 730386 758024 784465 809511 832973 854670 874431 892095 907520 920578 931159 939175 944557 947259 947259 944557 939175 931159 920578 907520 892095 874431 854670 832973 809511 784465 758024 730386 701747 672307 642265 611815 581146 550439 519867 489592 459765 430523 401991 374279 347483 321685 296953 273340 250887 229621 209558 190703 173049 156581 141276 127103 114026 102003 90986.9 80929.1 71777.6 63479.4 55980.4 49226.4 43163.8 37739.8 32903.3 28604.8 
30460.5 35037.9 40188.2 45964 52419.9 59612.1 67597.6 76434.2 86179.3 96889.7 108620 121424 135349 150441 166739 184275 203074 223153 244518 267163 291073 316217 342554 370026 398560 428070 458453 489592 521354 553593 586148 618847 651506 683932 715923 747273 777769 807201 835356 862027 887012 910117 931159 949970 966395 980300 991568 1.0001e+06 1.00583e+06 1.00871e+06 1.00871e+06 1.00583e+06 1.0001e+06 991568 980300 966395 949970 931159 910117 887012 862027 835356 807201 777769 747273 715923 683932 651506 618847 586148 553593 521354 489592 458453 428070 398560 370026 342554 316217 291073 267163 244518 223153 203074 184275 166739 150441 135349 121424 108620 96889.7 86179.3 76434.2 67597.6 59612.1 52419.9 45964 40188.2 35037.9 30460.5 
32344 37204.5 42673.3 48806.3 55661.4 63298.3 71777.6 81160.6 91508.3 102881 115337 128932 143719 159744 177050 195670 215632 236952 259638 283683 309072 335771 363737 392907 423206 454541 486803 519867 553593 587825 622394 657115 691793 726224 760193 793481 825864 857116 887012 915332 941862 966395 988739 1.00871e+06 1.02615e+06 1.04092e+06 1.05288e+06 1.06195e+06 1.06803e+06 1.07109e+06 1.07109e+06 1.06803e+06 1.06195e+06 1.05288e+06 1.04092e+06 1.02615e+06 1.00871e+06 988739 966395 941862 915332 887012 857116 825864 793481 760193 726224 691793 657115 622394 587825 553593 519867 486803 454541 423206 392907 363737 335771 309072 283683 259638 236952 215632 195670 177050 159744 143719 128932 115337 102881 91508.3 81160.6 71777.6 63298.3 55661.4 48806.3 42673.3 37204.5 32344 
34246.1 39392.4 45182.8 51676.4 58934.7 67020.7 75998.7 85933.4 96889.7 108931 122120 136514 152170 169138 187461 207177 228313 250887 274906 300366 327247 355517 385127 416013 448093 481271 515430 550439 586148 622394 658995 695758 732476 768931 804898 840144 874431 907520 939175 969160 997250 1.02323e+06 1.04688e+06 1.06803e+06 1.0865e+06 1.10213e+06 1.1148e+06 1.1244e+06 1.13084e+06 1.13408e+06 1.13408e+06 1.13084e+06 1.1244e+06 1.1148e+06 1.10213e+06 1.0865e+06 1.06803e+06 1.04688e+06 1.02323e+06 997250 969160 939175 907520 874431 840144 804898 768931 732476 695758 658995 622394 586148 550439 515430 481271 448093 416013 385127 355517 327247 300366 274906 250887 228313 207177 187461 169138 152170 136514 122120 108931 96889.7 85933.4 75998.7 67020.7 58934.7 51676.4 45182.8 39392.4 34246.1 
36156.6 41590 47703.3 54559.2 62222.4 70759.5 80238.3 90727.3 102295 115008 128932 144130 160659 178574 197919 218734 241049 264883 290242 317122 345503 375350 406612 439220 473091 508119 544184 581146 618847 657115 695758 734571 773338 811827 849800 887012 923212 958147 991568 1.02323e+06 1.05288e+06 1.08031e+06 1.10529e+06 1.12761e+06 1.14711e+06 1.16362e+06 1.17699e+06 1.18712e+06 1.19392e+06 1.19734e+06 1.19734e+06 1.19392e+06 1.18712e+06 1.17699e+06 1.16362e+06 1.14711e+06 1.12761e+06 1.10529e+06 1.08031e+06 1.05288e+06 1.02323e+06 991568 958147 923212 887012 849800 811827 773338 734571 695758 657115 618847 581146 544184 508119 473091 439220 406612 375350 345503 317122 290242 264883 241049 218734 197919 178574 160659 144130 128932 115008 102295 90727.3 80238.3 70759.5 62222.4 54559.2 47703.3 41590 36156.6 
38064.7 43784.8 50220.8 57438.6 65506.2 74493.8 84472.8 95515.4 107693 121077 135737 151736 169138 187998 208364 230278 253770 278862 305559 333858 363737 395159 428070 462400 498058 534934 572903 611815 651506 691793 732476 773338 814150 854670 894648 933823 971933 1.00871e+06 1.0439e+06 1.07723e+06 1.10845e+06 1.13732e+06 1.16362e+06 1.18712e+06 1.20765e+06 1.22502e+06 1.2391e+06 1.24977e+06 1.25693e+06 1.26053e+06 1.26053e+06 1.25693e+06 1.24977e+06 1.2391e+06 1.22502e+06 1.20765e+06 1.18712e+06 1.16362e+06 1.13732e+06 1.10845e+06 1.07723e+06 1.0439e+06 1.00871e+06 971933 933823 894648 854670 814150 773338 732476 691793 651506 611815 572903 534934 498058 462400 428070 395159 363737 333858 305559 278862 253770 230278 208364 187998 169138 151736 135737 121077 107693 95515.4 84472.8 74493.8 65506.2 57438.6 50220.8 43784.8 38064.7 
39959.2 45964 52720.3 60297.3 68766.4 78201.4 88677.1 100269 113053 127103 142492 159288 177556 197354 218734 241739 266401 292741 320767 350474 381840 414826 449375 485414 522846 561558 601416 642265 683932 726224 768931 811827 854670 897207 939175 980300 1.02031e+06 1.05892e+06 1.09585e+06 1.13084e+06 1.16362e+06 1.19392e+06 1.22153e+06 1.24621e+06 1.26775e+06 1.28599e+06 1.30078e+06 1.31197e+06 1.31949e+06 1.32327e+06 1.32327e+06 1.31949e+06 1.31197e+06 1.30078e+06 1.28599e+06 1.26775e+06 1.24621e+06 1.22153e+06 1.19392e+06 1.16362e+06 1.13084e+06 1.09585e+06 1.05892e+06 1.02031e+06 980300 939175 897207 854670 811827 768931 726224 683932 642265 601416 561558 522846 485414 449375 414826 381840 350474 320767 292741 266401 241739 218734 197354 177556 159288 142492 127103 113053 100269 88677.1 78201.4 68766.4 60297.3 52720.3 45964 39959.2 
41828.3 48114 55186.4 63117.7 71983 81859.3 92825 104959 118341 133049 149157 166739 185861 206586 228966 253046 278862 306434 335771 366868 399701 434229 470395 508119 547302 587825 629548 672307 715923 760193 804898 849800 894648 939175 983105 1.02615e+06 1.06803e+06 1.10845e+06 1.14711e+06 1.18374e+06 1.21804e+06 1.24977e+06 1.27867e+06 1.3045e+06 1.32705e+06 1.34615e+06 1.36162e+06 1.37334e+06 1.38121e+06 1.38516e+06 1.38516e+06 1.38121e+06 1.37334e+06 1.36162e+06 1.34615e+06 1.32705e+06 1.3045e+06 1.27867e+06 1.24977e+06 1.21804e+06 1.18374e+06 1.14711e+06 1.10845e+06 1.06803e+06 1.02615e+06 983105 939175 894648 849800 804898 760193 715923 672307 629548 587825 547302 508119 470395 434229 399701 366868 335771 306434 278862 253046 228966 206586 185861 166739 149157 133049 118341 104959 92825 81859.3 71983 63117.7 55186.4 48114 41828.3 
43659.9 50220.8 57602.9 65881.6 75135 85443.8 96889.7 109555 123523 138875 155689 174040 194000 215632 238992 264127 291073 319852 350474 382932 417203 453244 490993 530369 571268 613566 657115 701747 747273 793481 840144 887012 933823 980300 1.02615e+06 1.07109e+06 1.1148e+06 1.15699e+06 1.19734e+06 1.23557e+06 1.27138e+06 1.3045e+06 1.33466e+06 1.36162e+06 1.38516e+06 1.40509e+06 1.42124e+06 1.43348e+06 1.44169e+06 1.44582e+06 1.44582e+06 1.44169e+06 1.43348e+06 1.42124e+06 1.40509e+06 1.38516e+06 1.36162e+06 1.33466e+06 1.3045e+06 1.27138e+06 1.23557e+06 1.19734e+06 1.15699e+06 1.1148e+06 1.07109e+06 1.02615e+06 980300 933823 887012 840144 793481 747273 701747 657115 613566 571268 530369 490993 453244 417203 382932 350474 319852 291073 264127 238992 215632 194000 174040 155689 138875 123523 109555 96889.7 85443.8 75135 65881.6 57602.9 50220.8 43659.9 
45441.7 52270.4 59953.7 68570.2 78201.4 88930.8 100844 114026 128564 144542 162042 181143 201917 224432 248745 274906 302952 332905 364777 398560 434229 471741 511031 552014 594582 638606 683932 730386 777769 825864 874431 923212 971933 1.02031e+06 1.06803e+06 1.1148e+06 1.1603e+06 1.2042e+06 1.24621e+06 1.28599e+06 1.32327e+06 1.35773e+06 1.38913e+06 1.41719e+06 1.44169e+06 1.46244e+06 1.47925e+06 1.49198e+06 1.50053e+06 1.50482e+06 1.50482e+06 1.50053e+06 1.49198e+06 1.47925e+06 1.46244e+06 1.44169e+06 1.41719e+06 1.38913e+06 1.35773e+06 1.32327e+06 1.28599e+06 1.24621e+06 1.2042e+06 1.1603e+06 1.1148e+06 1.06803e+06 1.02031e+06 971933 923212 874431 825864 777769 730386 683932 638606 594582 552014 511031 471741 434229 398560 364777 332905 302952 274906 248745 224432 201917 181143 162042 144542 128564 114026 100844 88930.8 78201.4 68570.2 59953.7 52270.4 45441.7 
47161.3 54248.4 62222.4 71165 81160.6 92296.1 104660 118341 133429 150012 168174 187998 209558 232925 258158 285309 314416 345503 378581 413642 450661 489592 530369 572903 617082 662771 709813 758024 807201 857116 907520 958147 1.00871e+06 1.05892e+06 1.10845e+06 1.15699e+06 1.2042e+06 1.24977e+06 1.29336e+06 1.33466e+06 1.37334e+06 1.40911e+06 1.44169e+06 1.47082e+06 1.49625e+06 1.51778e+06 1.53522e+06 1.54844e+06 1.55731e+06 1.56177e+06 1.56177e+06 1.55731e+06 1.54844e+06 1.53522e+06 1.51778e+06 1.49625e+06 1.47082e+06 1.44169e+06 1.40911e+06 1.37334e+06 1.33466e+06 1.29336e+06 1.24977e+06 1.2042e+06 1.15699e+06 1.10845e+06 1.05892e+06 1.00871e+06 958147 907520 857116 807201 758024 709813 662771 617082 572903 530369 489592 450661 413642 378581 345503 314416 285309 258158 232925 209558 187998 168174 150012 133429 118341 104660 92296.1 81160.6 71165 62222.4 54248.4 47161.3 
48806.3 56140.6 64392.8 73647.3 83991.5 95515.4 108310 122469 138083 155245 174040 194555 216868 241049 267163 295261 325383 357554 391786 428070 466380 506669 548868 592886 638606 685889 734571 784465 835356 887012 939175 991568 1.0439e+06 1.09585e+06 1.14711e+06 1.19734e+06 1.24621e+06 1.29336e+06 1.33848e+06 1.38121e+06 1.42124e+06 1.45826e+06 1.49198e+06 1.52212e+06 1.54844e+06 1.57072e+06 1.58877e+06 1.60245e+06 1.61163e+06 1.61624e+06 1.61624e+06 1.61163e+06 1.60245e+06 1.58877e+06 1.57072e+06 1.54844e+06 1.52212e+06 1.49198e+06 1.45826e+06 1.42124e+06 1.38121e+06 1.33848e+06 1.29336e+06 1.24621e+06 1.19734e+06 1.14711e+06 1.09585e+06 1.0439e+06 991568 939175 887012 835356 784465 734571 685889 638606 592886 548868 506669 466380 428070 391786 357554 325383 295261 267163 241049 216868 194555 174040 155245 138083 122469 108310 95515.4 83991.5 73647.3 64392.8 56140.6 48806.3 
50364.5 57933 66448.7 75998.7 86673.2 98564.9 111769 126379 142492 160201 179597 200767 223792 248745 275693 304688 335771 368970 404295 441737 481271 522846 566392 611815 658995 707788 758024 809511 862027 915332 969160 1.02323e+06 1.07723e+06 1.13084e+06 1.18374e+06 1.23557e+06 1.28599e+06 1.33466e+06 1.38121e+06 1.42531e+06 1.46662e+06 1.50482e+06 1.53961e+06 1.57072e+06 1.59788e+06 1.62087e+06 1.6395e+06 1.65361e+06 1.66309e+06 1.66784e+06 1.66784e+06 1.66309e+06 1.65361e+06 1.6395e+06 1.62087e+06 1.59788e+06 1.57072e+06 1.53961e+06 1.50482e+06 1.46662e+06 1.42531e+06 1.38121e+06 1.33466e+06 1.28599e+06 1.23557e+06 1.18374e+06 1.13084e+06 1.07723e+06 1.02323e+06 969160 915332 862027 809511 758024 707788 658995 611815 566392 522846 481271 441737 404295 368970 335771 304688 275693 248745 223792 200767 179597 160201 142492 126379 111769 98564.9 86673.2 75998.7 66448.7 57933 50364.5 
51824.3 59612.1 68374.6 78201.4 89185.3 101422 115008 130042 146622 164844 184802 206586 230278 255955 283683 313519 345503 379664 416013 454541 495220 538000 582808 629548 678095 728302 779995 832973 887012 941862 997250 1.05288e+06 1.10845e+06 1.16362e+06 1.21804e+06 1.27138e+06 1.32327e+06 1.37334e+06 1.42124e+06 1.46662e+06 1.50913e+06 1.54844e+06 1.58424e+06 1.61624e+06 1.64419e+06 1.66784e+06 1.68701e+06 1.70154e+06 1.71129e+06 1.71618e+06 1.71618e+06 1.71129e+06 1.70154e+06 1.68701e+06 1.66784e+06 1.64419e+06 1.61624e+06 1.58424e+06 1.54844e+06 1.50913e+06 1.46662e+06 1.42124e+06 1.37334e+06 1.32327e+06 1.27138e+06 1.21804e+06 1.16362e+06 1.10845e+06 1.05288e+06 997250 941862 887012 832973 779995 728302 678095 629548 582808 538000 495220 454541 416013 379664 345503 313519 283683 255955 230278 206586 184802 164844 146622 130042 115008 101422 89185.3 78201.4 68374.6 59612.1 51824.3 
53174.2 61164.9 70155.6 80238.3 91508.3 104064 118004 133429 150441 169138 189616 211967 236276 262622 291073 321685 354503 389554 426849 466380 508119 552014 597989 645946 695758 747273 800312 854670 910117 966395 1.02323e+06 1.08031e+06 1.13732e+06 1.19392e+06 1.24977e+06 1.3045e+06 1.35773e+06 1.40911e+06 1.45826e+06 1.50482e+06 1.54844e+06 1.58877e+06 1.6255e+06 1.65834e+06 1.68701e+06 1.71129e+06 1.73096e+06 1.74586e+06 1.75586e+06 1.76089e+06 1.76089e+06 1.75586e+06 1.74586e+06 1.73096e+06 1.71129e+06 1.68701e+06 1.65834e+06 1.6255e+06 1.58877e+06 1.54844e+06 1.50482e+06 1.45826e+06 1.40911e+06 1.35773e+06 1.3045e+06 1.24977e+06 1.19392e+06 1.13732e+06 1.08031e+06 1.02323e+06 966395 910117 854670 800312 747273 695758 645946 597989 552014 508119 466380 426849 389554 354503 321685 291073 262622 236276 211967 189616 169138 150441 133429 118004 104064 91508.3 80238.3 70155.6 61164.9 53174.2 
54403.6 62579 71777.6 82093.5 93624 106470 120732 136514 153920 173049 194000 216868 241739 268694 297802 329122 362699 398560 436718 477163 519867 564776 611815 660880 711844 764550 818815 874431 931159 988739 1.04688e+06 1.10529e+06 1.16362e+06 1.22153e+06 1.27867e+06 1.33466e+06 1.38913e+06 1.44169e+06 1.49198e+06 1.53961e+06 1.58424e+06 1.6255e+06 1.66309e+06 1.69668e+06 1.72602e+06 1.75085e+06 1.77098e+06 1.78622e+06 1.79646e+06 1.8016e+06 1.8016e+06 1.79646e+06 1.78622e+06 1.77098e+06 1.75085e+06 1.72602e+06 1.69668e+06 1.66309e+06 1.6255e+06 1.58424e+06 1.53961e+06 1.49198e+06 1.44169e+06 1.38913e+06 1.33466e+06 1.27867e+06 1.22153e+06 1.16362e+06 1.10529e+06 1.04688e+06 988739 931159 874431 818815 764550 711844 660880 611815 564776 519867 477163 436718 398560 362699 329122 297802 268694 241739 216868 194000 173049 153920 136514 120732 106470 93624 82093.5 71777.6 62579 54403.6 
55502.6 63843.2 73227.6 83751.9 95515.4 108620 123171 139272 157029 176544 197919 221249 246622 274122 303818 335771 370026 406612 445540 486803 530369 576186 624175 674231 726224 779995 835356 892095 949970 1.00871e+06 1.06803e+06 1.12761e+06 1.18712e+06 1.24621e+06 1.3045e+06 1.36162e+06 1.41719e+06 1.47082e+06 1.52212e+06 1.57072e+06 1.61624e+06 1.65834e+06 1.69668e+06 1.73096e+06 1.76089e+06 1.78622e+06 1.80675e+06 1.82231e+06 1.83275e+06 1.83799e+06 1.83799e+06 1.83275e+06 1.82231e+06 1.80675e+06 1.78622e+06 1.76089e+06 1.73096e+06 1.69668e+06 1.65834e+06 1.61624e+06 1.57072e+06 1.52212e+06 1.47082e+06 1.41719e+06 1.36162e+06 1.3045e+06 1.24621e+06 1.18712e+06 1.12761e+06 1.06803e+06 1.00871e+06 949970 892095 835356 779995 726224 674231 624175 576186 530369 486803 445540 406612 370026 335771 303818 274122 246622 221249 197919 176544 157029 139272 123171 108620 95515.4 83751.9 73227.6 63843.2 55502.6 
56462.3 64947.1 74493.8 85200 97166.9 110498 125301 141680 159744 179597 201341 225074 250887 278862 309072 341577 376424 413642 453244 495220 539539 586148 634967 685889 738781 793481 849800 907520 966395 1.02615e+06 1.0865e+06 1.14711e+06 1.20765e+06 1.26775e+06 1.32705e+06 1.38516e+06 1.44169e+06 1.49625e+06 1.54844e+06 1.59788e+06 1.64419e+06 1.68701e+06 1.72602e+06 1.76089e+06 1.79133e+06 1.81711e+06 1.83799e+06 1.85382e+06 1.86444e+06 1.86977e+06 1.86977e+06 1.86444e+06 1.85382e+06 1.83799e+06 1.81711e+06 1.79133e+06 1.76089e+06 1.72602e+06 1.68701e+06 1.64419e+06 1.59788e+06 1.54844e+06 1.49625e+06 1.44169e+06 1.38516e+06 1.32705e+06 1.26775e+06 1.20765e+06 1.14711e+06 1.0865e+06 1.02615e+06 966395 907520 849800 793481 738781 685889 634967 586148 539539 495220 453244 413642 376424 341577 309072 278862 250887 225074 201341 179597 159744 141680 125301 110498 97166.9 85200 74493.8 64947.1 56462.3 
57274.7 65881.6 75565.6 86425.9 98564.9 112088 127103 143719 162042 182181 204238 228313 254497 282874 313519 346492 381840 419594 459765 502345 547302 594582 644103 695758 749411 804898 862027 920578 980300 1.04092e+06 1.10213e+06 1.16362e+06 1.22502e+06 1.28599e+06 1.34615e+06 1.40509e+06 1.46244e+06 1.51778e+06 1.57072e+06 1.62087e+06 1.66784e+06 1.71129e+06 1.75085e+06 1.78622e+06 1.81711e+06 1.84325e+06 1.86444e+06 1.88049e+06 1.89127e+06 1.89668e+06 1.89668e+06 1.89127e+06 1.88049e+06 1.86444e+06 1.84325e+06 1.81711e+06 1.78622e+06 1.75085e+06 1.71129e+06 1.66784e+06 1.62087e+06 1.57072e+06 1.51778e+06 1.46244e+06 1.40509e+06 1.34615e+06 1.28599e+06 1.22502e+06 1.16362e+06 1.10213e+06 1.04092e+06 980300 920578 862027 804898 749411 695758 644103 594582 547302 502345 459765 419594 381840 346492 313519 282874 254497 228313 204238 182181 162042 143719 127103 112088 98564.9 86425.9 75565.6 65881.6 57274.7 
57933 66638.8 76434.2 87419.3 99697.9 113377 128564 145371 163905 184275 206586 230937 257422 286125 317122 350474 386229 424417 465050 508119 553593 601416 651506 703755 758024 814150 871936 931159 991568 1.05288e+06 1.1148e+06 1.17699e+06 1.2391e+06 1.30078e+06 1.36162e+06 1.42124e+06 1.47925e+06 1.53522e+06 1.58877e+06 1.6395e+06 1.68701e+06 1.73096e+06 1.77098e+06 1.80675e+06 1.83799e+06 1.86444e+06 1.88587e+06 1.9021e+06 1.913e+06 1.91848e+06 1.91848e+06 1.913e+06 1.9021e+06 1.88587e+06 1.86444e+06 1.83799e+06 1.80675e+06 1.77098e+06 1.73096e+06 1.68701e+06 1.6395e+06 1.58877e+06 1.53522e+06 1.47925e+06 1.42124e+06 1.36162e+06 1.30078e+06 1.2391e+06 1.17699e+06 1.1148e+06 1.05288e+06 991568 931159 871936 814150 758024 703755 651506 601416 553593 508119 465050 424417 386229 350474 317122 286125 257422 230937 206586 184275 163905 145371 128564 113377 99697.9 87419.3 76434.2 66638.8 57933 
58431.7 67212.5 77092.1 88171.8 100556 114353 129671 146622 165316 185861 208364 232925 259638 288588 319852 353491 389554 428070 469053 512493 558359 606593 657115 709813 764550 821158 879442 939175 1.0001e+06 1.06195e+06 1.1244e+06 1.18712e+06 1.24977e+06 1.31197e+06 1.37334e+06 1.43348e+06 1.49198e+06 1.54844e+06 1.60245e+06 1.65361e+06 1.70154e+06 1.74586e+06 1.78622e+06 1.82231e+06 1.85382e+06 1.88049e+06 1.9021e+06 1.91848e+06 1.92947e+06 1.93499e+06 1.93499e+06 1.92947e+06 1.91848e+06 1.9021e+06 1.88049e+06 1.85382e+06 1.82231e+06 1.78622e+06 1.74586e+06 1.70154e+06 1.65361e+06 1.60245e+06 1.54844e+06 1.49198e+06 1.43348e+06 1.37334e+06 1.31197e+06 1.24977e+06 1.18712e+06 1.1244e+06 1.06195e+06 1.0001e+06 939175 879442 821158 764550 709813 657115 606593 558359 512493 469053 428070 389554 353491 319852 288588 259638 232925 208364 185861 165316 146622 129671 114353 100556 88171.8 77092.1 67212.5 58431.7 
58766.6 67597.6 77533.9 88677.1 101132 115008 130414 147462 166263 186927 209558 234260 261126 290242 321685 355517 391786 430523 471741 515430 561558 610069 660880 713881 768931 825864 884481 944557 1.00583e+06 1.06803e+06 1.13084e+06 1.19392e+06 1.25693e+06 1.31949e+06 1.38121e+06 1.44169e+06 1.50053e+06 1.55731e+06 1.61163e+06 1.66309e+06 1.71129e+06 1.75586e+06 1.79646e+06 1.83275e+06 1.86444e+06 1.89127e+06 1.913e+06 1.92947e+06 1.94053e+06 1.94608e+06 1.94608e+06 1.94053e+06 1.92947e+06 1.913e+06 1.89127e+06 1.86444e+06 1.83275e+06 1.79646e+06 1.75586e+06 1.71129e+06 1.66309e+06 1.61163e+06 1.55731e+06 1.50053e+06 1.44169e+06 1.38121e+06 1.31949e+06 1.25693e+06 1.19392e+06 1.13084e+06 1.06803e+06 1.00583e+06 944557 884481 825864 768931 713881 660880 610069 561558 515430 471741 430523 391786 355517 321685 290242 261126 234260 209558 186927 166263 147462 130414 115008 101132 88677.1 77533.9 67597.6 58766.6 
