Parameters: 2 101 101 0.7  250
3.59458 4.14067 4.7561 5.44742 6.22143 7.08514 8.04574 9.11051 10.2868 11.5817 13.0025 14.5559 16.2485 18.0861 20.0741 22.217 24.5185 26.9813 29.6067 32.3949 35.3445 38.4527 41.7148 45.1246 48.6739 52.3525 56.1485 60.0479 64.0349 68.0918 72.1992 76.3358 80.4793 84.6055 88.6896 92.7055 96.6269 100.427 104.078 107.555 110.83 113.88 116.679 119.206 121.441 123.364 124.961 126.217 127.121 127.667 127.85 127.667 127.121 126.217 124.961 123.364 121.441 119.206 116.679 113.88 110.83 107.555 104.078 100.427 96.6269 92.7055 88.6896 84.6055 80.4793 76.3358 72.1992 68.0918 64.0349 60.0479 56.1485 52.3525 48.6739 45.1246 41.7148 38.4527 35.3445 32.3949 29.6067 26.9813 24.5185 22.217 20.0741 18.0861 16.2485 14.5559 13.0025 11.5817 10.2868 9.11051 8.04574 7.08514 6.22143 5.44742 4.7561 4.14067 3.59458 
4.14067 4.76971 5.47864 6.27499 7.16658 8.1615 9.26803 10.4946 11.8495 13.3412 14.9778 16.7673 18.7169 20.8337 23.1237 25.5921 28.2433 31.0802 34.1045 37.3162 40.714 44.2943 48.0521 51.9799 56.0683 60.3058 64.6785 69.1703 73.763 78.4362 83.1675 87.9326 92.7055 97.4587 102.163 106.789 111.306 115.683 119.89 123.894 127.667 131.18 134.405 137.316 139.89 142.106 143.945 145.391 146.433 147.062 147.273 147.062 146.433 145.391 143.945 142.106 139.89 137.316 134.405 131.18 127.667 123.894 119.89 115.683 111.306 106.789 102.163 97.4587 92.7055 87.9326 83.1675 78.4362 73.763 69.1703 64.6785 60.3058 56.0683 51.9799 48.0521 44.2943 40.714 37.3162 34.1045 31.0802 28.2433 25.5921 23.1237 20.8337 18.7169 16.7673 14.9778 13.3412 11.8495 10.4946 9.26803 8.1615 7.16658 6.27499 5.47864 4.76971 4.14067 
4.7561 5.47864 6.29294 7.20765 8.23176 9.37456 10.6456 12.0544 13.6107 15.3241 17.204 19.2594 21.4989 23.9302 26.5606 29.3959 32.4412 35.6997 39.1735 42.8626 46.7654 50.8779 55.1941 59.7057 64.4019 69.2692 74.2917 79.4512 84.7265 90.0943 95.5288 101.002 106.485 111.944 117.348 122.661 127.85 132.878 137.709 142.309 146.643 150.678 154.382 157.726 160.682 163.227 165.339 167.001 168.198 168.921 169.162 168.921 168.198 167.001 165.339 163.227 160.682 157.726 154.382 150.678 146.643 142.309 137.709 132.878 127.85 122.661 117.348 111.944 106.485 101.002 95.5288 90.0943 84.7265 79.4512 74.2917 69.2692 64.4019 59.7057 55.1941 50.8779 46.7654 42.8626 39.1735 35.6997 32.4412 29.3959 26.5606 23.9302 21.4989 19.2594 17.204 15.3241 13.6107 12.0544 10.6456 9.37456 8.23176 7.20765 6.29294 5.47864 4.7561 
5.44742 6.27499 7.20765 8.25531 9.42828 10.7372 12.1929 13.8065 15.5891 17.5516 19.7047 22.0589 24.6238 27.4086 30.4213 33.6688 37.1566 40.8888 44.8675 49.0929 53.5629 58.2732 63.2169 68.3843 73.763 79.3377 85.0904 90.9998 97.0419 103.19 109.414 115.683 121.963 128.216 134.405 140.491 146.433 152.192 157.726 162.994 167.958 172.579 176.822 180.652 184.038 186.953 189.372 191.275 192.646 193.474 193.75 193.474 192.646 191.275 189.372 186.953 184.038 180.652 176.822 172.579 167.958 162.994 157.726 152.192 146.433 140.491 134.405 128.216 121.963 115.683 109.414 103.19 97.0419 90.9998 85.0904 79.3377 73.763 68.3843 63.2169 58.2732 53.5629 49.0929 44.8675 40.8888 37.1566 33.6688 30.4213 27.4086 24.6238 22.0589 19.7047 17.5516 15.5891 13.8065 12.1929 10.7372 9.42828 8.25531 7.20765 6.27499 5.44742 
6.22143 7.16658 8.23176 9.42828 10.7679 12.2628 13.9254 15.7683 17.8041 20.0454 22.5045 25.1931 28.1225 31.303 34.7438 38.4527 42.4361 46.6986 51.2426 56.0683 61.1735 66.5531 72.1992 78.1008 84.2437 90.6106 97.1806 103.93 110.83 117.852 124.961 132.12 139.292 146.433 153.502 160.453 167.24 173.816 180.136 186.153 191.823 197.101 201.946 206.32 210.187 213.516 216.279 218.453 220.019 220.964 221.28 220.964 220.019 218.453 216.279 213.516 210.187 206.32 201.946 197.101 191.823 186.153 180.136 173.816 167.24 160.453 153.502 146.433 139.292 132.12 124.961 117.852 110.83 103.93 97.1806 90.6106 84.2437 78.1008 72.1992 66.5531 61.1735 56.0683 51.2426 46.6986 42.4361 38.4527 34.7438 31.303 28.1225 25.1931 22.5045 20.0454 17.8041 15.7683 13.9254 12.2628 10.7679 9.42828 8.23176 7.16658 6.22143 
7.08514 8.1615 9.37456 10.7372 12.2628 13.9652 15.8586 17.9574 20.2758 22.8283 25.6287 28.6906 32.0267 35.6487 39.5672 43.791 48.3274 53.1817 58.3565 63.8522 69.6661 75.7925 82.2224 88.9434 95.9391 103.19 110.672 118.358 126.217 134.213 142.309 150.463 158.629 166.763 174.813 182.728 190.457 197.947 205.144 211.997 218.453 224.464 229.982 234.963 239.367 243.159 246.305 248.781 250.564 251.64 252 251.64 250.564 248.781 246.305 243.159 239.367 234.963 229.982 224.464 218.453 211.997 205.144 197.947 190.457 182.728 174.813 166.763 158.629 150.463 142.309 134.213 126.217 118.358 110.672 103.19 95.9391 88.9434 82.2224 75.7925 69.6661 63.8522 58.3565 53.1817 48.3274 43.791 39.5672 35.6487 32.0267 28.6906 25.6287 22.8283 20.2758 17.9574 15.8586 13.9652 12.2628 10.7372 9.37456 8.1615 7.08514 
8.04574 9.26803 10.6456 12.1929 13.9254 15.8586 18.0087 20.392 23.0248 25.9233 29.1035 32.5805 36.3689 40.482 44.9317 49.7281 54.8796 60.392 66.2685 72.5092 79.1114 86.0684 93.3701 101.002 108.946 117.18 125.677 134.405 143.329 152.41 161.603 170.862 180.136 189.372 198.513 207.502 216.279 224.785 232.958 240.739 248.071 254.896 261.162 266.819 271.821 276.126 279.699 282.51 284.535 285.757 286.166 285.757 284.535 282.51 279.699 276.126 271.821 266.819 261.162 254.896 248.071 240.739 232.958 224.785 216.279 207.502 198.513 189.372 180.136 170.862 161.603 152.41 143.329 134.405 125.677 117.18 108.946 101.002 93.3701 86.0684 79.1114 72.5092 66.2685 60.392 54.8796 49.7281 44.9317 40.482 36.3689 32.5805 29.1035 25.9233 23.0248 20.392 18.0087 15.8586 13.9254 12.1929 10.6456 9.26803 8.04574 
9.11051 10.4946 12.0544 13.8065 15.7683 17.9574 20.392 23.0907 26.0719 29.354 32.955 36.8922 41.1819 45.8393 50.8779 56.3091 62.1424 68.3843 75.0384 82.1051 89.5809 97.4587 105.727 114.369 123.364 132.688 142.309 152.192 162.297 172.579 182.989 193.474 203.975 214.434 224.785 234.963 244.902 254.532 263.787 272.598 280.9 288.629 295.725 302.13 307.793 312.668 316.714 319.897 322.19 323.574 324.037 323.574 322.19 319.897 316.714 312.668 307.793 302.13 295.725 288.629 280.9 272.598 263.787 254.532 244.902 234.963 224.785 214.434 203.975 193.474 182.989 172.579 162.297 152.192 142.309 132.688 123.364 114.369 105.727 97.4587 89.5809 82.1051 75.0384 68.3843 62.1424 56.3091 50.8779 45.8393 41.1819 36.8922 32.955 29.354 26.0719 23.0907 20.392 17.9574 15.7683 13.8065 12.0544 10.4946 9.11051 
10.2868 11.8495 13.6107 15.5891 17.8041 20.2758 23.0248 26.0719 29.438 33.1438 37.2098 41.6553 46.4989 51.7576 57.4467 63.5791 70.1655 77.2133 84.7265 92.7055 101.147 110.041 119.377 129.135 139.292 149.819 160.682 171.841 183.251 194.861 206.615 218.453 230.31 242.119 253.806 265.299 276.521 287.395 297.844 307.793 317.167 325.894 333.905 341.137 347.532 353.036 357.605 361.199 363.788 365.35 365.873 365.35 363.788 361.199 357.605 353.036 347.532 341.137 333.905 325.894 317.167 307.793 297.844 287.395 276.521 265.299 253.806 242.119 230.31 218.453 206.615 194.861 183.251 171.841 160.682 149.819 139.292 129.135 119.377 110.041 101.147 92.7055 84.7265 77.2133 70.1655 63.5791 57.4467 51.7576 46.4989 41.6553 37.2098 33.1438 29.438 26.0719 23.0248 20.2758 17.8041 15.5891 13.6107 11.8495 10.2868 
11.5817 13.3412 15.3241 17.5516 20.0454 22.8283 25.9233 29.354 33.1438 37.3162 41.894 46.8992 52.3525 58.2732 64.6785 71.5829 78.9985 86.9334 95.3925 104.376 113.88 123.894 134.405 145.391 156.827 168.679 180.91 193.474 206.32 219.391 232.625 245.954 259.304 272.598 285.757 298.697 311.331 323.574 335.339 346.541 357.094 366.92 375.94 384.082 391.282 397.479 402.623 406.669 409.584 411.343 411.931 411.343 409.584 406.669 402.623 397.479 391.282 384.082 375.94 366.92 357.094 346.541 335.339 323.574 311.331 298.697 285.757 272.598 259.304 245.954 232.625 219.391 206.32 193.474 180.91 168.679 156.827 145.391 134.405 123.894 113.88 104.376 95.3925 86.9334 78.9985 71.5829 64.6785 58.2732 52.3525 46.8992 41.894 37.3162 33.1438 29.354 25.9233 22.8283 20.0454 17.5516 15.3241 13.3412 11.5817 
13.0025 14.9778 17.204 19.7047 22.5045 25.6287 29.1035 32.955 37.2098 41.894 47.0333 52.6525 58.7748 65.4219 72.6129 80.3644 88.6896 97.598 107.095 117.18 127.85 139.093 150.893 163.227 176.066 189.372 203.103 217.208 231.63 246.305 261.162 276.126 291.114 306.039 320.813 335.339 349.524 363.269 376.477 389.052 400.901 411.931 422.058 431.2 439.282 446.24 452.014 456.557 459.83 461.805 462.465 461.805 459.83 456.557 452.014 446.24 439.282 431.2 422.058 411.931 400.901 389.052 376.477 363.269 349.524 335.339 320.813 306.039 291.114 276.126 261.162 246.305 231.63 217.208 203.103 189.372 176.066 163.227 150.893 139.093 127.85 117.18 107.095 97.598 88.6896 80.3644 72.6129 65.4219 58.7748 52.6525 47.0333 41.894 37.2098 32.955 29.1035 25.6287 22.5045 19.7047 17.204 14.9778 13.0025 
14.5559 16.7673 19.2594 22.0589 25.1931 28.6906 32.5805 36.8922 41.6553 46.8992 52.6525 58.943 65.7968 73.238 81.2881 89.9657 99.2855 109.258 119.89 131.18 143.124 155.711 168.921 182.728 197.101 211.997 227.368 243.159 259.304 275.732 292.364 309.115 325.894 342.603 359.141 375.403 391.282 406.669 421.455 435.533 448.797 461.146 472.482 482.716 491.764 499.553 506.017 511.103 514.767 516.978 517.717 516.978 514.767 511.103 506.017 499.553 491.764 482.716 472.482 461.146 448.797 435.533 421.455 406.669 391.282 375.403 359.141 342.603 325.894 309.115 292.364 275.732 259.304 243.159 227.368 211.997 197.101 182.728 168.921 155.711 143.124 131.18 119.89 109.258 99.2855 89.9657 81.2881 73.238 65.7968 58.943 52.6525 46.8992 41.6553 36.8922 32.5805 28.6906 25.1931 22.0589 19.2594 16.7673 14.5559 
16.2485 18.7169 21.4989 24.6238 28.1225 32.0267 36.3689 41.1819 46.4989 52.3525 58.7748 65.7968 73.4475 81.7539 90.7401 100.427 110.83 121.963 133.83 146.433 159.767 173.816 188.562 203.975 220.019 236.647 253.806 271.433 289.455 307.793 326.36 345.059 363.788 382.44 400.901 419.054 436.779 453.956 470.461 486.176 500.982 514.767 527.421 538.845 548.946 557.64 564.856 570.533 574.623 577.091 577.916 577.091 574.623 570.533 564.856 557.64 548.946 538.845 527.421 514.767 500.982 486.176 470.461 453.956 436.779 419.054 400.901 382.44 363.788 345.059 326.36 307.793 289.455 271.433 253.806 236.647 220.019 203.975 188.562 173.816 159.767 146.433 133.83 121.963 110.83 100.427 90.7401 81.7539 73.4475 65.7968 58.7748 52.3525 46.4989 41.1819 36.3689 32.0267 28.1225 24.6238 21.4989 18.7169 16.2485 
18.0861 20.8337 23.9302 27.4086 31.303 35.6487 40.482 45.8393 51.7576 58.2732 65.4219 73.238 81.7539 90.9998 101.002 111.784 123.364 135.756 148.965 162.994 177.835 193.474 209.887 227.044 244.902 263.411 282.51 302.13 322.19 342.603 363.269 384.082 404.93 425.691 446.24 466.446 486.176 505.295 523.667 541.159 557.64 572.983 587.069 599.785 611.028 620.706 628.738 635.057 639.609 642.356 643.274 642.356 639.609 635.057 628.738 620.706 611.028 599.785 587.069 572.983 557.64 541.159 523.667 505.295 486.176 466.446 446.24 425.691 404.93 384.082 363.269 342.603 322.19 302.13 282.51 263.411 244.902 227.044 209.887 193.474 177.835 162.994 148.965 135.756 123.364 111.784 101.002 90.9998 81.7539 73.238 65.4219 58.2732 51.7576 45.8393 40.482 35.6487 31.303 27.4086 23.9302 20.8337 18.0861 
20.0741 23.1237 26.5606 30.4213 34.7438 39.5672 44.9317 50.8779 57.4467 64.6785 72.6129 81.2881 90.7401 101.002 112.104 124.071 136.924 150.678 165.339 180.91 197.382 214.74 232.958 252 271.821 292.364 313.563 335.339 357.605 380.261 403.198 426.3 449.439 472.482 495.29 517.717 539.616 560.836 581.228 600.642 618.935 635.964 651.598 665.712 678.191 688.932 697.847 704.86 709.913 712.962 713.981 712.962 709.913 704.86 697.847 688.932 678.191 665.712 651.598 635.964 618.935 600.642 581.228 560.836 539.616 517.717 495.29 472.482 449.439 426.3 403.198 380.261 357.605 335.339 313.563 292.364 271.821 252 232.958 214.74 197.382 180.91 165.339 150.678 136.924 124.071 112.104 101.002 90.7401 81.2881 72.6129 64.6785 57.4467 50.8779 44.9317 39.5672 34.7438 30.4213 26.5606 23.1237 20.0741 
22.217 25.5921 29.3959 33.6688 38.4527 43.791 49.7281 56.3091 63.5791 71.5829 80.3644 89.9657 100.427 111.784 124.071 137.316 151.541 166.763 182.989 200.222 218.453 237.664 257.826 278.901 300.838 323.574 347.036 371.137 395.779 420.854 446.24 471.808 497.417 522.92 548.162 572.983 597.22 620.706 643.274 664.761 685.006 703.854 721.157 736.777 750.588 762.476 772.343 780.105 785.697 789.071 790.199 789.071 785.697 780.105 772.343 762.476 750.588 736.777 721.157 703.854 685.006 664.761 643.274 620.706 597.22 572.983 548.162 522.92 497.417 471.808 446.24 420.854 395.779 371.137 347.036 323.574 300.838 278.901 257.826 237.664 218.453 200.222 182.989 166.763 151.541 137.316 124.071 111.784 100.427 89.9657 80.3644 71.5829 63.5791 56.3091 49.7281 43.791 38.4527 33.6688 29.3959 25.5921 22.217 
24.5185 28.2433 32.4412 37.1566 42.4361 48.3274 54.8796 62.1424 70.1655 78.9985 88.6896 99.2855 110.83 123.364 136.924 151.541 167.24 184.038 201.946 220.964 241.083 262.284 284.535 307.793 332.003 357.094 382.986 409.584 436.779 464.451 492.467 520.684 548.946 577.091 604.948 632.341 659.088 685.006 709.913 733.626 755.969 776.769 795.864 813.102 828.344 841.463 852.352 860.918 867.09 870.814 872.059 870.814 867.09 860.918 852.352 841.463 828.344 813.102 795.864 776.769 755.969 733.626 709.913 685.006 659.088 632.341 604.948 577.091 548.946 520.684 492.467 464.451 436.779 409.584 382.986 357.094 332.003 307.793 284.535 262.284 241.083 220.964 201.946 184.038 167.24 151.541 136.924 123.364 110.83 99.2855 88.6896 78.9985 70.1655 62.1424 54.8796 48.3274 42.4361 37.1566 32.4412 28.2433 24.5185 
26.9813 31.0802 35.6997 40.8888 46.6986 53.1817 60.392 68.3843 77.2133 86.9334 97.598 109.258 121.963 135.756 150.678 166.763 184.038 202.524 222.23 243.159 265.299 288.629 313.115 338.709 365.35 392.962 421.455 450.725 480.652 511.103 541.933 572.983 604.084 635.057 665.712 695.856 725.29 753.812 781.22 807.315 831.901 854.791 875.804 894.774 911.546 925.984 937.966 947.393 954.184 958.282 959.652 958.282 954.184 947.393 937.966 925.984 911.546 894.774 875.804 854.791 831.901 807.315 781.22 753.812 725.29 695.856 665.712 635.057 604.084 572.983 541.933 511.103 480.652 450.725 421.455 392.962 365.35 338.709 313.115 288.629 265.299 243.159 222.23 202.524 184.038 166.763 150.678 135.756 121.963 109.258 97.598 86.9334 77.2133 68.3843 60.392 53.1817 46.6986 40.8888 35.6997 31.0802 26.9813 
29.6067 34.1045 39.1735 44.8675 51.2426 58.3565 66.2685 75.0384 84.7265 95.3925 107.095 119.89 133.83 148.965 165.339 182.989 201.946 222.23 243.854 266.819 291.114 316.714 343.583 371.668 400.901 431.2 462.465 494.583 527.421 560.836 594.666 628.738 662.865 696.851 730.489 763.566 795.864 827.161 857.237 885.871 912.85 937.966 961.024 981.84 1000.24 1016.09 1029.24 1039.58 1047.03 1051.53 1053.03 1051.53 1047.03 1039.58 1029.24 1016.09 1000.24 981.84 961.024 937.966 912.85 885.871 857.237 827.161 795.864 763.566 730.489 696.851 662.865 628.738 594.666 560.836 527.421 494.583 462.465 431.2 400.901 371.668 343.583 316.714 291.114 266.819 243.854 222.23 201.946 182.989 165.339 148.965 133.83 119.89 107.095 95.3925 84.7265 75.0384 66.2685 58.3565 51.2426 44.8675 39.1735 34.1045 29.6067 
32.3949 37.3162 42.8626 49.0929 56.0683 63.8522 72.5092 82.1051 92.7055 104.376 117.18 131.18 146.433 162.994 180.91 200.222 220.964 243.159 266.819 291.947 318.529 346.541 375.94 406.669 438.655 471.808 506.017 541.159 577.091 613.652 650.668 687.949 725.29 762.476 799.282 835.474 870.814 905.059 937.966 969.297 998.817 1026.3 1051.53 1074.3 1094.44 1111.78 1126.16 1137.48 1145.63 1150.56 1152.2 1150.56 1145.63 1137.48 1126.16 1111.78 1094.44 1074.3 1051.53 1026.3 998.817 969.297 937.966 905.059 870.814 835.474 799.282 762.476 725.29 687.949 650.668 613.652 577.091 541.159 506.017 471.808 438.655 406.669 375.94 346.541 318.529 291.947 266.819 243.159 220.964 200.222 180.91 162.994 146.433 131.18 117.18 104.376 92.7055 82.1051 72.5092 63.8522 56.0683 49.0929 42.8626 37.3162 32.3949 
35.3445 40.714 46.7654 53.5629 61.1735 69.6661 79.1114 89.5809 101.147 113.88 127.85 143.124 159.767 177.835 197.382 218.453 241.083 265.299 291.114 318.529 347.532 378.094 410.17 443.697 478.596 514.767 552.092 590.433 629.636 669.527 709.913 750.588 791.329 831.901 872.059 911.546 950.104 987.467 1023.37 1057.55 1089.76 1119.75 1147.27 1172.12 1194.09 1213.01 1228.7 1241.05 1249.95 1255.32 1257.11 1255.32 1249.95 1241.05 1228.7 1213.01 1194.09 1172.12 1147.27 1119.75 1089.76 1057.55 1023.37 987.467 950.104 911.546 872.059 831.901 791.329 750.588 709.913 669.527 629.636 590.433 552.092 514.767 478.596 443.697 410.17 378.094 347.532 318.529 291.114 265.299 241.083 218.453 197.382 177.835 159.767 143.124 127.85 113.88 101.147 89.5809 79.1114 69.6661 61.1735 53.5629 46.7654 40.714 35.3445 
38.4527 44.2943 50.8779 58.2732 66.5531 75.7925 86.0684 97.4587 110.041 123.894 139.093 155.711 173.816 193.474 214.74 237.664 262.284 288.629 316.714 346.541 378.094 411.343 446.24 482.716 520.684 560.035 600.642 642.356 685.006 728.405 772.343 816.594 860.918 905.059 948.747 991.708 1033.66 1074.3 1113.37 1150.56 1185.59 1218.22 1248.16 1275.2 1299.1 1319.68 1336.75 1350.19 1359.87 1365.71 1367.66 1365.71 1359.87 1350.19 1336.75 1319.68 1299.1 1275.2 1248.16 1218.22 1185.59 1150.56 1113.37 1074.3 1033.66 991.708 948.747 905.059 860.918 816.594 772.343 728.405 685.006 642.356 600.642 560.035 520.684 482.716 446.24 411.343 378.094 346.541 316.714 288.629 262.284 237.664 214.74 193.474 173.816 155.711 139.093 123.894 110.041 97.4587 86.0684 75.7925 66.5531 58.2732 50.8779 44.2943 38.4527 
41.7148 48.0521 55.1941 63.2169 72.1992 82.2224 93.3701 105.727 119.377 134.405 150.893 168.921 188.562 209.887 232.958 257.826 284.535 313.115 343.583 375.94 410.17 446.24 484.097 523.667 564.856 607.546 651.598 696.851 743.119 790.199 837.865 885.871 933.955 981.84 1029.24 1075.84 1121.35 1165.44 1207.82 1248.16 1286.18 1321.56 1354.05 1383.38 1409.31 1431.63 1450.16 1464.73 1475.23 1481.57 1483.69 1481.57 1475.23 1464.73 1450.16 1431.63 1409.31 1383.38 1354.05 1321.56 1286.18 1248.16 1207.82 1165.44 1121.35 1075.84 1029.24 981.84 933.955 885.871 837.865 790.199 743.119 696.851 651.598 607.546 564.856 523.667 484.097 446.24 410.17 375.94 343.583 313.115 284.535 257.826 232.958 209.887 188.562 168.921 150.893 134.405 119.377 105.727 93.3701 82.2224 72.1992 63.2169 55.1941 48.0521 41.7148 
45.1246 51.9799 59.7057 68.3843 78.1008 88.9434 101.002 114.369 129.135 145.391 163.227 182.728 203.975 227.044 252 278.901 307.793 338.709 371.668 406.669 443.697 482.716 523.667 566.472 611.028 657.207 704.86 753.812 803.863 854.791 906.352 958.282 1010.3 1062.1 1113.37 1163.78 1213.01 1260.71 1306.55 1350.19 1391.31 1429.59 1464.73 1496.46 1524.51 1548.66 1568.7 1584.46 1595.82 1602.67 1604.96 1602.67 1595.82 1584.46 1568.7 1548.66 1524.51 1496.46 1464.73 1429.59 1391.31 1350.19 1306.55 1260.71 1213.01 1163.78 1113.37 1062.1 1010.3 958.282 906.352 854.791 803.863 753.812 704.86 657.207 611.028 566.472 523.667 482.716 443.697 406.669 371.668 338.709 307.793 278.901 252 227.044 203.975 182.728 163.227 145.391 129.135 114.369 101.002 88.9434 78.1008 68.3843 59.7057 51.9799 45.1246 
48.6739 56.0683 64.4019 73.763 84.2437 95.9391 108.946 123.364 139.292 156.827 176.066 197.101 220.019 244.902 271.821 300.838 332.003 365.35 400.901 438.655 478.596 520.684 564.856 611.028 659.088 708.9 760.301 813.102 867.09 922.024 977.641 1033.66 1089.76 1145.63 1200.94 1255.32 1308.41 1359.87 1409.31 1456.39 1500.74 1542.03 1579.94 1614.16 1644.42 1670.46 1692.08 1709.09 1721.34 1728.73 1731.2 1728.73 1721.34 1709.09 1692.08 1670.46 1644.42 1614.16 1579.94 1542.03 1500.74 1456.39 1409.31 1359.87 1308.41 1255.32 1200.94 1145.63 1089.76 1033.66 977.641 922.024 867.09 813.102 760.301 708.9 659.088 611.028 564.856 520.684 478.596 438.655 400.901 365.35 332.003 300.838 271.821 244.902 220.019 197.101 176.066 156.827 139.292 123.364 108.946 95.9391 84.2437 73.763 64.4019 56.0683 48.6739 
52.3525 60.3058 69.2692 79.3377 90.6106 103.19 117.18 132.688 149.819 168.679 189.372 211.997 236.647 263.411 292.364 323.574 357.094 392.962 431.2 471.808 514.767 560.035 607.546 657.207 708.9 762.476 817.762 874.554 932.622 991.708 1051.53 1111.78 1172.12 1232.22 1291.7 1350.19 1407.3 1462.64 1515.82 1566.46 1614.16 1658.57 1699.35 1736.16 1768.7 1796.71 1819.96 1838.25 1851.43 1859.38 1862.04 1859.38 1851.43 1838.25 1819.96 1796.71 1768.7 1736.16 1699.35 1658.57 1614.16 1566.46 1515.82 1462.64 1407.3 1350.19 1291.7 1232.22 1172.12 1111.78 1051.53 991.708 932.622 874.554 817.762 762.476 708.9 657.207 607.546 560.035 514.767 471.808 431.2 392.962 357.094 323.574 292.364 263.411 236.647 211.997 189.372 168.679 149.819 132.688 117.18 103.19 90.6106 79.3377 69.2692 60.3058 52.3525 
56.1485 64.6785 74.2917 85.0904 97.1806 110.672 125.677 142.309 160.682 180.91 203.103 227.368 253.806 282.51 313.563 347.036 382.986 421.455 462.465 506.017 552.092 600.642 651.598 704.86 760.301 817.762 877.056 937.966 1000.24 1063.61 1127.77 1192.39 1257.11 1321.56 1385.36 1448.09 1509.34 1568.7 1625.73 1680.04 1731.2 1778.84 1822.56 1862.04 1896.94 1926.99 1951.92 1971.54 1985.67 1994.2 1997.05 1994.2 1985.67 1971.54 1951.92 1926.99 1896.94 1862.04 1822.56 1778.84 1731.2 1680.04 1625.73 1568.7 1509.34 1448.09 1385.36 1321.56 1257.11 1192.39 1127.77 1063.61 1000.24 937.966 877.056 817.762 760.301 704.86 651.598 600.642 552.092 506.017 462.465 421.455 382.986 347.036 313.563 282.51 253.806 227.368 203.103 180.91 160.682 142.309 125.677 110.672 97.1806 85.0904 74.2917 64.6785 56.1485 
60.0479 69.1703 79.4512 90.9998 103.93 118.358 134.405 152.192 171.841 193.474 217.208 243.159 271.433 302.13 335.339 371.137 409.584 450.725 494.583 541.159 590.433 642.356 696.851 753.812 813.102 874.554 937.966 1003.11 1069.71 1137.48 1206.09 1275.2 1344.41 1413.34 1481.57 1548.66 1614.16 1677.64 1738.64 1796.71 1851.43 1902.37 1949.14 1991.36 2028.68 2060.82 2087.48 2108.46 2123.58 2132.7 2135.75 2132.7 2123.58 2108.46 2087.48 2060.82 2028.68 1991.36 1949.14 1902.37 1851.43 1796.71 1738.64 1677.64 1614.16 1548.66 1481.57 1413.34 1344.41 1275.2 1206.09 1137.48 1069.71 1003.11 937.966 874.554 813.102 753.812 696.851 642.356 590.433 541.159 494.583 450.725 409.584 371.137 335.339 302.13 271.433 243.159 217.208 193.474 171.841 152.192 134.405 118.358 103.93 90.9998 79.4512 69.1703 60.0479 
64.0349 73.763 84.7265 97.0419 110.83 126.217 143.329 162.297 183.251 206.32 231.63 259.304 289.455 322.19 357.605 395.779 436.779 480.652 527.421 577.091 629.636 685.006 743.119 803.863 867.09 932.622 1000.24 1069.71 1140.74 1213.01 1286.18 1359.87 1433.68 1507.19 1579.94 1651.48 1721.34 1789.03 1854.08 1916.01 1974.36 2028.68 2078.56 2123.58 2163.38 2197.65 2226.08 2248.46 2264.58 2274.3 2277.55 2274.3 2264.58 2248.46 2226.08 2197.65 2163.38 2123.58 2078.56 2028.68 1974.36 1916.01 1854.08 1789.03 1721.34 1651.48 1579.94 1507.19 1433.68 1359.87 1286.18 1213.01 1140.74 1069.71 1000.24 932.622 867.09 803.863 743.119 685.006 629.636 577.091 527.421 480.652 436.779 395.779 357.605 322.19 289.455 259.304 231.63 206.32 183.251 162.297 143.329 126.217 110.83 97.0419 84.7265 73.763 64.0349 
68.0918 78.4362 90.0943 103.19 117.852 134.213 152.41 172.579 194.861 219.391 246.305 275.732 307.793 342.603 380.261 420.854 464.451 511.103 560.836 613.652 669.527 728.405 790.199 854.791 922.024 991.708 1063.61 1137.48 1213.01 1289.86 1367.66 1446.02 1524.51 1602.67 1680.04 1756.11 1830.39 1902.37 1971.54 2037.4 2099.44 2157.21 2210.24 2258.11 2300.44 2336.88 2367.12 2390.91 2408.05 2418.39 2421.85 2418.39 2408.05 2390.91 2367.12 2336.88 2300.44 2258.11 2210.24 2157.21 2099.44 2037.4 1971.54 1902.37 1830.39 1756.11 1680.04 1602.67 1524.51 1446.02 1367.66 1289.86 1213.01 1137.48 1063.61 991.708 922.024 854.791 790.199 728.405 669.527 613.652 560.836 511.103 464.451 420.854 380.261 342.603 307.793 275.732 246.305 219.391 194.861 172.579 152.41 134.213 117.852 103.19 90.0943 78.4362 68.0918 
72.1992 83.1675 95.5288 109.414 124.961 142.309 161.603 182.989 206.615 232.625 261.162 292.364 326.36 363.269 403.198 446.24 492.467 541.933 594.666 650.668 709.913 772.343 837.865 906.352 977.641 1051.53 1127.77 1206.09 1286.18 1367.66 1450.16 1533.25 1616.47 1699.35 1781.38 1862.04 1940.8 2017.12 2090.47 2160.29 2226.08 2287.33 2343.56 2394.33 2439.21 2477.84 2509.9 2535.13 2553.3 2564.27 2567.93 2564.27 2553.3 2535.13 2509.9 2477.84 2439.21 2394.33 2343.56 2287.33 2226.08 2160.29 2090.47 2017.12 1940.8 1862.04 1781.38 1699.35 1616.47 1533.25 1450.16 1367.66 1286.18 1206.09 1127.77 1051.53 977.641 906.352 837.865 772.343 709.913 650.668 594.666 541.933 492.467 446.24 403.198 363.269 326.36 292.364 261.162 232.625 206.615 182.989 161.603 142.309 124.961 109.414 95.5288 83.1675 72.1992 
76.3358 87.9326 101.002 115.683 132.12 150.463 170.862 193.474 218.453 245.954 276.126 309.115 345.059 384.082 426.3 471.808 520.684 572.983 628.738 687.949 750.588 816.594 885.871 958.282 1033.66 1111.78 1192.39 1275.2 1359.87 1446.02 1533.25 1621.09 1709.09 1796.71 1883.44 1968.73 2052 2132.7 2210.24 2284.07 2353.63 2418.39 2477.84 2531.51 2578.96 2619.81 2653.71 2680.38 2699.59 2711.19 2715.06 2711.19 2699.59 2680.38 2653.71 2619.81 2578.96 2531.51 2477.84 2418.39 2353.63 2284.07 2210.24 2132.7 2052 1968.73 1883.44 1796.71 1709.09 1621.09 1533.25 1446.02 1359.87 1275.2 1192.39 1111.78 1033.66 958.282 885.871 816.594 750.588 687.949 628.738 572.983 520.684 471.808 426.3 384.082 345.059 309.115 276.126 245.954 218.453 193.474 170.862 150.463 132.12 115.683 101.002 87.9326 76.3358 
80.4793 92.7055 106.485 121.963 139.292 158.629 180.136 203.975 230.31 259.304 291.114 325.894 363.788 404.93 449.439 497.417 548.946 604.084 662.865 725.29 791.329 860.918 933.955 1010.3 1089.76 1172.12 1257.11 1344.41 1433.68 1524.51 1616.47 1709.09 1801.85 1894.24 1985.67 2075.59 2163.38 2248.46 2330.21 2408.05 2481.38 2549.66 2612.33 2668.92 2718.95 2762.01 2797.75 2825.87 2846.13 2858.35 2862.44 2858.35 2846.13 2825.87 2797.75 2762.01 2718.95 2668.92 2612.33 2549.66 2481.38 2408.05 2330.21 2248.46 2163.38 2075.59 1985.67 1894.24 1801.85 1709.09 1616.47 1524.51 1433.68 1344.41 1257.11 1172.12 1089.76 1010.3 933.955 860.918 791.329 725.29 662.865 604.084 548.946 497.417 449.439 404.93 363.788 325.894 291.114 259.304 230.31 203.975 180.136 158.629 139.292 121.963 106.485 92.7055 80.4793 
84.6055 97.4587 111.944 128.216 146.433 166.763 189.372 214.434 242.119 272.598 306.039 342.603 382.44 425.691 472.482 522.92 577.091 635.057 696.851 762.476 831.901 905.059 981.84 1062.1 1145.63 1232.22 1321.56 1413.34 1507.19 1602.67 1699.35 1796.71 1894.24 1991.36 2087.48 2182.01 2274.3 2363.74 2449.68 2531.51 2608.61 2680.38 2746.27 2805.76 2858.35 2903.62 2941.19 2970.75 2992.05 3004.9 3009.2 3004.9 2992.05 2970.75 2941.19 2903.62 2858.35 2805.76 2746.27 2680.38 2608.61 2531.51 2449.68 2363.74 2274.3 2182.01 2087.48 1991.36 1894.24 1796.71 1699.35 1602.67 1507.19 1413.34 1321.56 1232.22 1145.63 1062.1 981.84 905.059 831.901 762.476 696.851 635.057 577.091 522.92 472.482 425.691 382.44 342.603 306.039 272.598 242.119 214.434 189.372 166.763 146.433 128.216 111.944 97.4587 84.6055 
88.6896 102.163 117.348 134.405 153.502 174.813 198.513 224.785 253.806 285.757 320.813 359.141 400.901 446.24 495.29 548.162 604.948 665.712 730.489 799.282 872.059 948.747 1029.24 1113.37 1200.94 1291.7 1385.36 1481.57 1579.94 1680.04 1781.38 1883.44 1985.67 2087.48 2188.25 2287.33 2384.09 2477.84 2567.93 2653.71 2734.53 2809.77 2878.84 2941.19 2996.33 3043.78 3083.17 3114.16 3136.48 3149.95 3154.46 3149.95 3136.48 3114.16 3083.17 3043.78 2996.33 2941.19 2878.84 2809.77 2734.53 2653.71 2567.93 2477.84 2384.09 2287.33 2188.25 2087.48 1985.67 1883.44 1781.38 1680.04 1579.94 1481.57 1385.36 1291.7 1200.94 1113.37 1029.24 948.747 872.059 799.282 730.489 665.712 604.948 548.162 495.29 446.24 400.901 359.141 320.813 285.757 253.806 224.785 198.513 174.813 153.502 134.405 117.348 102.163 88.6896 
92.7055 106.789 122.661 140.491 160.453 182.728 207.502 234.963 265.299 298.697 335.339 375.403 419.054 466.446 517.717 572.983 632.341 695.856 763.566 835.474 911.546 991.708 1075.84 1163.78 1255.32 1350.19 1448.09 1548.66 1651.48 1756.11 1862.04 1968.73 2075.59 2182.01 2287.33 2390.91 2492.04 2590.04 2684.21 2773.87 2858.35 2937 3009.2 3074.37 3132 3181.61 3222.78 3255.17 3278.5 3292.59 3297.29 3292.59 3278.5 3255.17 3222.78 3181.61 3132 3074.37 3009.2 2937 2858.35 2773.87 2684.21 2590.04 2492.04 2390.91 2287.33 2182.01 2075.59 1968.73 1862.04 1756.11 1651.48 1548.66 1448.09 1350.19 1255.32 1163.78 1075.84 991.708 911.546 835.474 763.566 695.856 632.341 572.983 517.717 466.446 419.054 375.403 335.339 298.697 265.299 234.963 207.502 182.728 160.453 140.491 122.661 106.789 92.7055 
96.6269 111.306 127.85 146.433 167.24 190.457 216.279 244.902 276.521 311.331 349.524 391.282 436.779 486.176 539.616 597.22 659.088 725.29 795.864 870.814 950.104 1033.66 1121.35 1213.01 1308.41 1407.3 1509.34 1614.16 1721.34 1830.39 1940.8 2052 2163.38 2274.3 2384.09 2492.04 2597.45 2699.59 2797.75 2891.2 2979.25 3061.23 3136.48 3204.42 3264.48 3316.19 3359.1 3392.86 3417.18 3431.86 3436.76 3431.86 3417.18 3392.86 3359.1 3316.19 3264.48 3204.42 3136.48 3061.23 2979.25 2891.2 2797.75 2699.59 2597.45 2492.04 2384.09 2274.3 2163.38 2052 1940.8 1830.39 1721.34 1614.16 1509.34 1407.3 1308.41 1213.01 1121.35 1033.66 950.104 870.814 795.864 725.29 659.088 597.22 539.616 486.176 436.779 391.282 349.524 311.331 276.521 244.902 216.279 190.457 167.24 146.433 127.85 111.306 96.6269 
100.427 115.683 132.878 152.192 173.816 197.947 224.785 254.532 287.395 323.574 363.269 406.669 453.956 505.295 560.836 620.706 685.006 753.812 827.161 905.059 987.467 1074.3 1165.44 1260.71 1359.87 1462.64 1568.7 1677.64 1789.03 1902.37 2017.12 2132.7 2248.46 2363.74 2477.84 2590.04 2699.59 2805.76 2907.77 3004.9 3096.41 3181.61 3259.82 3330.43 3392.86 3446.6 3491.2 3526.28 3551.56 3566.81 3571.91 3566.81 3551.56 3526.28 3491.2 3446.6 3392.86 3330.43 3259.82 3181.61 3096.41 3004.9 2907.77 2805.76 2699.59 2590.04 2477.84 2363.74 2248.46 2132.7 2017.12 1902.37 1789.03 1677.64 1568.7 1462.64 1359.87 1260.71 1165.44 1074.3 987.467 905.059 827.161 753.812 685.006 620.706 560.836 505.295 453.956 406.669 363.269 323.574 287.395 254.532 224.785 197.947 173.816 152.192 132.878 115.683 100.427 
104.078 119.89 137.709 157.726 180.136 205.144 232.958 263.787 297.844 335.339 376.477 421.455 470.461 523.667 581.228 643.274 709.913 781.22 857.237 937.966 1023.37 1113.37 1207.82 1306.55 1409.31 1515.82 1625.73 1738.64 1854.08 1971.54 2090.47 2210.24 2330.21 2449.68 2567.93 2684.21 2797.75 2907.77 3013.5 3114.16 3209 3297.29 3378.35 3451.52 3516.22 3571.91 3618.14 3654.5 3680.69 3696.5 3701.79 3696.5 3680.69 3654.5 3618.14 3571.91 3516.22 3451.52 3378.35 3297.29 3209 3114.16 3013.5 2907.77 2797.75 2684.21 2567.93 2449.68 2330.21 2210.24 2090.47 1971.54 1854.08 1738.64 1625.73 1515.82 1409.31 1306.55 1207.82 1113.37 1023.37 937.966 857.237 781.22 709.913 643.274 581.228 523.667 470.461 421.455 376.477 335.339 297.844 263.787 232.958 205.144 180.136 157.726 137.709 119.89 104.078 
107.555 123.894 142.309 162.994 186.153 211.997 240.739 272.598 307.793 346.541 389.052 435.533 486.176 541.159 600.642 664.761 733.626 807.315 885.871 969.297 1057.55 1150.56 1248.16 1350.19 1456.39 1566.46 1680.04 1796.71 1916.01 2037.4 2160.29 2284.07 2408.05 2531.51 2653.71 2773.87 2891.2 3004.9 3114.16 3218.18 3316.19 3407.43 3491.2 3566.81 3633.67 3691.23 3738.99 3776.57 3803.64 3819.98 3825.44 3819.98 3803.64 3776.57 3738.99 3691.23 3633.67 3566.81 3491.2 3407.43 3316.19 3218.18 3114.16 3004.9 2891.2 2773.87 2653.71 2531.51 2408.05 2284.07 2160.29 2037.4 1916.01 1796.71 1680.04 1566.46 1456.39 1350.19 1248.16 1150.56 1057.55 969.297 885.871 807.315 733.626 664.761 600.642 541.159 486.176 435.533 389.052 346.541 307.793 272.598 240.739 211.997 186.153 162.994 142.309 123.894 107.555 
110.83 127.667 146.643 167.958 191.823 218.453 248.071 280.9 317.167 357.094 400.901 448.797 500.982 557.64 618.935 685.006 755.969 831.901 912.85 998.817 1089.76 1185.59 1286.18 1391.31 1500.74 1614.16 1731.2 1851.43 1974.36 2099.44 2226.08 2353.63 2481.38 2608.61 2734.53 2858.35 2979.25 3096.41 3209 3316.19 3417.18 3511.2 3597.52 3675.44 3744.34 3803.64 3852.86 3891.58 3919.48 3936.31 3941.94 3936.31 3919.48 3891.58 3852.86 3803.64 3744.34 3675.44 3597.52 3511.2 3417.18 3316.19 3209 3096.41 2979.25 2858.35 2734.53 2608.61 2481.38 2353.63 2226.08 2099.44 1974.36 1851.43 1731.2 1614.16 1500.74 1391.31 1286.18 1185.59 1089.76 998.817 912.85 831.901 755.969 685.006 618.935 557.64 500.982 448.797 400.901 357.094 317.167 280.9 248.071 218.453 191.823 167.958 146.643 127.667 110.83 
113.88 131.18 150.678 172.579 197.101 224.464 254.896 288.629 325.894 366.92 411.931 461.146 514.767 572.983 635.964 703.854 776.769 854.791 937.966 1026.3 1119.75 1218.22 1321.56 1429.59 1542.03 1658.57 1778.84 1902.37 2028.68 2157.21 2287.33 2418.39 2549.66 2680.38 2809.77 2937 3061.23 3181.61 3297.29 3407.43 3511.2 3607.81 3696.5 3776.57 3847.36 3908.3 3958.87 3998.66 4027.32 4044.62 4050.4 4044.62 4027.32 3998.66 3958.87 3908.3 3847.36 3776.57 3696.5 3607.81 3511.2 3407.43 3297.29 3181.61 3061.23 2937 2809.77 2680.38 2549.66 2418.39 2287.33 2157.21 2028.68 1902.37 1778.84 1658.57 1542.03 1429.59 1321.56 1218.22 1119.75 1026.3 937.966 854.791 776.769 703.854 635.964 572.983 514.767 461.146 411.931 366.92 325.894 288.629 254.896 224.464 197.101 172.579 150.678 131.18 113.88 
116.679 134.405 154.382 176.822 201.946 229.982 261.162 295.725 333.905 375.94 422.058 472.482 527.421 587.069 651.598 721.157 795.864 875.804 961.024 1051.53 1147.27 1248.16 1354.05 1464.73 1579.94 1699.35 1822.56 1949.14 2078.56 2210.24 2343.56 2477.84 2612.33 2746.27 2878.84 3009.2 3136.48 3259.82 3378.35 3491.2 3597.52 3696.5 3787.37 3869.41 3941.94 4004.37 4056.19 4096.96 4126.33 4144.05 4149.97 4144.05 4126.33 4096.96 4056.19 4004.37 3941.94 3869.41 3787.37 3696.5 3597.52 3491.2 3378.35 3259.82 3136.48 3009.2 2878.84 2746.27 2612.33 2477.84 2343.56 2210.24 2078.56 1949.14 1822.56 1699.35 1579.94 1464.73 1354.05 1248.16 1147.27 1051.53 961.024 875.804 795.864 721.157 651.598 587.069 527.421 472.482 422.058 375.94 333.905 295.725 261.162 229.982 201.946 176.822 154.382 134.405 116.679 
119.206 137.316 157.726 180.652 206.32 234.963 266.819 302.13 341.137 384.082 431.2 482.716 538.845 599.785 665.712 736.777 813.102 894.774 981.84 1074.3 1172.12 1275.2 1383.38 1496.46 1614.16 1736.16 1862.04 1991.36 2123.58 2258.11 2394.33 2531.51 2668.92 2805.76 2941.19 3074.37 3204.42 3330.43 3451.52 3566.81 3675.44 3776.57 3869.41 3953.22 4027.32 4091.11 4144.05 4185.7 4215.7 4233.81 4239.86 4233.81 4215.7 4185.7 4144.05 4091.11 4027.32 3953.22 3869.41 3776.57 3675.44 3566.81 3451.52 3330.43 3204.42 3074.37 2941.19 2805.76 2668.92 2531.51 2394.33 2258.11 2123.58 1991.36 1862.04 1736.16 1614.16 1496.46 1383.38 1275.2 1172.12 1074.3 981.84 894.774 813.102 736.777 665.712 599.785 538.845 482.716 431.2 384.082 341.137 302.13 266.819 234.963 206.32 180.652 157.726 137.316 119.206 
121.441 139.89 160.682 184.038 210.187 239.367 271.821 307.793 347.532 391.282 439.282 491.764 548.946 611.028 678.191 750.588 828.344 911.546 1000.24 1094.44 1194.09 1299.1 1409.31 1524.51 1644.42 1768.7 1896.94 2028.68 2163.38 2300.44 2439.21 2578.96 2718.95 2858.35 2996.33 3132 3264.48 3392.86 3516.22 3633.67 3744.34 3847.36 3941.94 4027.32 4102.81 4167.8 4221.73 4264.16 4294.72 4313.17 4319.34 4313.17 4294.72 4264.16 4221.73 4167.8 4102.81 4027.32 3941.94 3847.36 3744.34 3633.67 3516.22 3392.86 3264.48 3132 2996.33 2858.35 2718.95 2578.96 2439.21 2300.44 2163.38 2028.68 1896.94 1768.7 1644.42 1524.51 1409.31 1299.1 1194.09 1094.44 1000.24 911.546 828.344 750.588 678.191 611.028 548.946 491.764 439.282 391.282 347.532 307.793 271.821 239.367 210.187 184.038 160.682 139.89 121.441 
123.364 142.106 163.227 186.953 213.516 243.159 276.126 312.668 353.036 397.479 446.24 499.553 557.64 620.706 688.932 762.476 841.463 925.984 1016.09 1111.78 1213.01 1319.68 1431.63 1548.66 1670.46 1796.71 1926.99 2060.82 2197.65 2336.88 2477.84 2619.81 2762.01 2903.62 3043.78 3181.61 3316.19 3446.6 3571.91 3691.23 3803.64 3908.3 4004.37 4091.11 4167.8 4233.81 4288.59 4331.69 4362.75 4381.48 4387.75 4381.48 4362.75 4331.69 4288.59 4233.81 4167.8 4091.11 4004.37 3908.3 3803.64 3691.23 3571.91 3446.6 3316.19 3181.61 3043.78 2903.62 2762.01 2619.81 2477.84 2336.88 2197.65 2060.82 1926.99 1796.71 1670.46 1548.66 1431.63 1319.68 1213.01 1111.78 1016.09 925.984 841.463 762.476 688.932 620.706 557.64 499.553 446.24 397.479 353.036 312.668 276.126 243.159 213.516 186.953 163.227 142.106 123.364 
124.961 143.945 165.339 189.372 216.279 246.305 279.699 316.714 357.605 402.623 452.014 506.017 564.856 628.738 697.847 772.343 852.352 937.966 1029.24 1126.16 1228.7 1336.75 1450.16 1568.7 1692.08 1819.96 1951.92 2087.48 2226.08 2367.12 2509.9 2653.71 2797.75 2941.19 3083.17 3222.78 3359.1 3491.2 3618.14 3738.99 3852.86 3958.87 4056.19 4144.05 4221.73 4288.59 4344.09 4387.75 4419.2 4438.18 4444.53 4438.18 4419.2 4387.75 4344.09 4288.59 4221.73 4144.05 4056.19 3958.87 3852.86 3738.99 3618.14 3491.2 3359.1 3222.78 3083.17 2941.19 2797.75 2653.71 2509.9 2367.12 2226.08 2087.48 1951.92 1819.96 1692.08 1568.7 1450.16 1336.75 1228.7 1126.16 1029.24 937.966 852.352 772.343 697.847 628.738 564.856 506.017 452.014 402.623 357.605 316.714 279.699 246.305 216.279 189.372 165.339 143.945 124.961 
126.217 145.391 167.001 191.275 218.453 248.781 282.51 319.897 361.199 406.669 456.557 511.103 570.533 635.057 704.86 780.105 860.918 947.393 1039.58 1137.48 1241.05 1350.19 1464.73 1584.46 1709.09 1838.25 1971.54 2108.46 2248.46 2390.91 2535.13 2680.38 2825.87 2970.75 3114.16 3255.17 3392.86 3526.28 3654.5 3776.57 3891.58 3998.66 4096.96 4185.7 4264.16 4331.69 4387.75 4431.84 4463.61 4482.78 4489.19 4482.78 4463.61 4431.84 4387.75 4331.69 4264.16 4185.7 4096.96 3998.66 3891.58 3776.57 3654.5 3526.28 3392.86 3255.17 3114.16 2970.75 2825.87 2680.38 2535.13 2390.91 2248.46 2108.46 1971.54 1838.25 1709.09 1584.46 1464.73 1350.19 1241.05 1137.48 1039.58 947.393 860.918 780.105 704.86 635.057 570.533 511.103 456.557 406.669 361.199 319.897 282.51 248.781 218.453 191.275 167.001 145.391 126.217 
127.121 146.433 168.198 192.646 220.019 250.564 284.535 322.19 363.788 409.584 459.83 514.767 574.623 639.609 709.913 785.697 867.09 954.184 1047.03 1145.63 1249.95 1359.87 1475.23 1595.82 1721.34 1851.43 1985.67 2123.58 2264.58 2408.05 2553.3 2699.59 2846.13 2992.05 3136.48 3278.5 3417.18 3551.56 3680.69 3803.64 3919.48 4027.32 4126.33 4215.7 4294.72 4362.75 4419.2 4463.61 4495.61 4514.92 4521.37 4514.92 4495.61 4463.61 4419.2 4362.75 4294.72 4215.7 4126.33 4027.32 3919.48 3803.64 3680.69 3551.56 3417.18 3278.5 3136.48 2992.05 2846.13 2699.59 2553.3 2408.05 2264.58 2123.58 1985.67 1851.43 1721.34 1595.82 1475.23 1359.87 1249.95 1145.63 1047.03 954.184 867.09 785.697 709.913 639.609 574.623 514.767 459.83 409.584 363.788 322.19 284.535 250.564 220.019 192.646 168.198 146.433 127.121 
127.667 147.062 168.921 193.474 220.964 251.64 285.757 323.574 365.35 411.343 461.805 516.978 577.091 642.356 712.962 789.071 870.814 958.282 1051.53 1150.56 1255.32 1365.71 1481.57 1602.67 1728.73 1859.38 1994.2 2132.7 2274.3 2418.39 2564.27 2711.19 2858.35 3004.9 3149.95 3292.59 3431.86 3566.81 3696.5 3819.98 3936.31 4044.62 4144.05 4233.81 4313.17 4381.48 4438.18 4482.78 4514.92 4534.31 4540.79 4534.31 4514.92 4482.78 4438.18 4381.48 4313.17 4233.81 4144.05 4044.62 3936.31 3819.98 3696.5 3566.81 3431.86 3292.59 3149.95 3004.9 2858.35 2711.19 2564.27 2418.39 2274.3 2132.7 1994.2 1859.38 1728.73 1602.67 1481.57 1365.71 1255.32 1150.56 1051.53 958.282 870.814 789.071 712.962 642.356 577.091 516.978 461.805 411.343 365.35 323.574 285.757 251.64 220.964 193.474 168.921 147.062 127.667 
