Parameters: 2 101 101 0.7  250
1543.86 1778.4 2042.73 2339.65 2672.08 3043.04 3455.62 3912.93 4418.13 4974.31 5584.54 6251.73 6978.67 7767.91 8621.74 9542.12 10530.6 11588.4 12716 13913.5 15180.3 16515.3 17916.4 19380.9 20905.3 22485.2 24115.6 25790.4 27502.8 29245.2 31009.3 32786 34565.6 36337.8 38091.9 39816.7 41500.9 43132.9 44701.2 46194.4 47601.2 48911 50113.3 51198.8 52158.5 52984.6 53670.2 54209.6 54598.2 54832.7 54911.1 54832.7 54598.2 54209.6 53670.2 52984.6 52158.5 51198.8 50113.3 48911 47601.2 46194.4 44701.2 43132.9 41500.9 39816.7 38091.9 36337.8 34565.6 32786 31009.3 29245.2 27502.8 25790.4 24115.6 22485.2 20905.3 19380.9 17916.4 16515.3 15180.3 13913.5 12716 11588.4 10530.6 9542.12 8621.74 7767.91 6978.67 6251.73 5584.54 4974.31 4418.13 3912.93 3455.62 3043.04 2672.08 2339.65 2042.73 1778.4 1543.86 
1778.4 2048.57 2353.06 2695.09 3078.02 3505.34 3980.59 4507.38 5089.32 5730 6432.93 7201.48 8038.86 8948 9931.54 10991.7 12130.4 13348.8 14647.8 16027.2 17486.5 19024.3 20638.2 22325.2 24081.2 25901.1 27779.2 29708.4 31681 33688.1 35720.2 37766.8 39816.7 41858.2 43878.7 45865.6 47805.7 49685.6 51492.2 53212.2 54832.7 56341.4 57726.5 58976.8 60082.3 61033.9 61823.7 62445.1 62892.7 63162.8 63253.1 63162.8 62892.7 62445.1 61823.7 61033.9 60082.3 58976.8 57726.5 56341.4 54832.7 53212.2 51492.2 49685.6 47805.7 45865.6 43878.7 41858.2 39816.7 37766.8 35720.2 33688.1 31681 29708.4 27779.2 25901.1 24081.2 22325.2 20638.2 19024.3 17486.5 16027.2 14647.8 13348.8 12130.4 10991.7 9931.54 8948 8038.86 7201.48 6432.93 5730 5089.32 4507.38 3980.59 3505.34 3078.02 2695.09 2353.06 2048.57 1778.4 
2042.73 2353.06 2702.8 3095.66 3535.51 4026.34 4572.23 5177.32 5845.75 6581.66 7389.07 8271.85 9233.69 10278 11407.7 12625.5 13933.4 15332.9 16824.9 18409.3 20085.6 21851.9 23705.7 25643.4 27660.4 29750.9 31908.1 34124 36389.7 38695.2 41029.3 43380.1 45734.8 48079.6 50400.5 52682.7 54911.1 57070.5 59145.6 61121.2 62982.6 64715.5 66306.4 67742.6 69012.5 70105.5 71012.7 71726.4 72240.5 72550.8 72654.5 72550.8 72240.5 71726.4 71012.7 70105.5 69012.5 67742.6 66306.4 64715.5 62982.6 61121.2 59145.6 57070.5 54911.1 52682.7 50400.5 48079.6 45734.8 43380.1 41029.3 38695.2 36389.7 34124 31908.1 29750.9 27660.4 25643.4 23705.7 21851.9 20085.6 18409.3 16824.9 15332.9 13933.4 12625.5 11407.7 10278 9233.69 8271.85 7389.07 6581.66 5845.75 5177.32 4572.23 4026.34 3535.51 3095.66 2702.8 2353.06 2042.73 
2339.65 2695.09 3095.66 3545.63 4049.42 4611.59 5236.83 5929.86 6695.46 7538.34 8463.1 9474.21 10575.8 11771.9 13065.8 14460.6 15958.7 17561.6 19270.5 21085.2 23005.1 25028.2 27151.4 29370.8 31681 34075.3 36546 39084.1 41679.2 44319.7 46993.1 49685.6 52382.5 55068.2 57726.5 60340.4 62892.7 65365.9 67742.6 70005.4 72137.4 74122.2 75944.4 77589.3 79043.7 80295.7 81334.7 82152.1 82741 83096.4 83215.2 83096.4 82741 82152.1 81334.7 80295.7 79043.7 77589.3 75944.4 74122.2 72137.4 70005.4 67742.6 65365.9 62892.7 60340.4 57726.5 55068.2 52382.5 49685.6 46993.1 44319.7 41679.2 39084.1 36546 34075.3 31681 29370.8 27151.4 25028.2 23005.1 21085.2 19270.5 17561.6 15958.7 14460.6 13065.8 11771.9 10575.8 9474.21 8463.1 7538.34 6695.46 5929.86 5236.83 4611.59 4049.42 3545.63 3095.66 2695.09 2339.65 
2672.08 3078.02 3535.51 4049.42 4624.79 5266.84 5980.91 6772.42 7646.8 8609.43 9665.6 10820.4 12078.5 13444.5 14922.3 16515.3 18226.2 20056.9 22008.5 24081.2 26273.8 28584.3 31009.3 33544 36182.4 38917 41738.8 44637.4 47601.2 50617 53670.2 56745.3 59825.4 62892.7 65928.6 68913.9 71828.9 74653.6 77368 79952.3 82387.2 84654 86735.1 88613.8 90274.8 91704.6 92891.3 93824.9 94497.4 94903.3 95039 94903.3 94497.4 93824.9 92891.3 91704.6 90274.8 88613.8 86735.1 84654 82387.2 79952.3 77368 74653.6 71828.9 68913.9 65928.6 62892.7 59825.4 56745.3 53670.2 50617 47601.2 44637.4 41738.8 38917 36182.4 33544 31009.3 28584.3 26273.8 24081.2 22008.5 20056.9 18226.2 16515.3 14922.3 13444.5 12078.5 10820.4 9665.6 8609.43 7646.8 6772.42 5980.91 5266.84 4624.79 4049.42 3535.51 3078.02 2672.08 
3043.04 3505.34 4026.34 4611.59 5266.84 5998.02 6811.23 7712.62 8708.39 9804.67 11007.5 12322.5 13755.4 15311 16994 18808.1 20756.5 22841.4 25063.9 27424.3 29921.4 32552.6 35314.3 38200.9 41205.5 44319.7 47533.3 50834.4 54209.6 57644.1 61121.2 64623.2 68130.8 71624 75081.4 78481.2 81800.8 85017.6 88108.8 91051.9 93824.9 96406.4 98776.4 100916 102808 104436 105787 106850 107616 108079 108233 108079 107616 106850 105787 104436 102808 100916 98776.4 96406.4 93824.9 91051.9 88108.8 85017.6 81800.8 78481.2 75081.4 71624 68130.8 64623.2 61121.2 57644.1 54209.6 50834.4 47533.3 44319.7 41205.5 38200.9 35314.3 32552.6 29921.4 27424.3 25063.9 22841.4 20756.5 18808.1 16994 15311 13755.4 12322.5 11007.5 9804.67 8708.39 7712.62 6811.23 5998.02 5266.84 4611.59 4026.34 3505.34 3043.04 
3455.62 3980.59 4572.23 5236.83 5980.91 6811.23 7734.69 8758.3 9889.07 11134 12499.8 13993.2 15620.3 17386.9 19298 21358.1 23570.6 25938.2 28462.1 31142.5 33978.1 36966.1 40102.2 43380.1 46792.2 50328.6 53977.8 57726.5 61559.3 65459.4 69408 73384.7 77368 81334.7 85260.9 89121.6 92891.3 96544.2 100055 103397 106546 109477 112168 114598 116746 118595 120130 121337 122207 122732 122907 122732 122207 121337 120130 118595 116746 114598 112168 109477 106546 103397 100055 96544.2 92891.3 89121.6 85260.9 81334.7 77368 73384.7 69408 65459.4 61559.3 57726.5 53977.8 50328.6 46792.2 43380.1 40102.2 36966.1 33978.1 31142.5 28462.1 25938.2 23570.6 21358.1 19298 17386.9 15620.3 13993.2 12499.8 11134 9889.07 8758.3 7734.69 6811.23 5980.91 5236.83 4572.23 3980.59 3455.62 
3912.93 4507.38 5177.32 5929.86 6772.42 7712.62 8758.3 9917.36 11197.8 12607.4 14154.1 15845.1 17687.5 19687.8 21851.9 24184.6 26690 29370.8 32228.7 35263.9 38474.7 41858.2 45409.2 49121 52984.6 56989 61121.2 65365.9 69706.1 74122.2 78593.4 83096.4 87606.8 92098.5 96544.2 100916 105184 109321 113296 117080 120646 123965 127013 129764 132196 134290 136028 137395 138380 138974 139173 138974 138380 137395 136028 134290 132196 129764 127013 123965 120646 117080 113296 109321 105184 100916 96544.2 92098.5 87606.8 83096.4 78593.4 74122.2 69706.1 65365.9 61121.2 56989 52984.6 49121 45409.2 41858.2 38474.7 35263.9 32228.7 29370.8 26690 24184.6 21851.9 19687.8 17687.5 15845.1 14154.1 12607.4 11197.8 9917.36 8758.3 7712.62 6772.42 5929.86 5177.32 4507.38 3912.93 
4418.13 5089.32 5845.75 6695.46 7646.8 8708.39 9889.07 11197.8 12643.5 14235.2 15981.5 17890.8 19971.1 22229.7 24673.2 27307 30135.9 33162.8 36389.7 39816.7 43442.1 47262.4 51272 55463 59825.4 64346.8 69012.5 73805.3 78705.7 83692.1 88740.4 93824.9 98917.6 103989 109009 113945 118765 123435 127923 132196 136222 139970 143411 146517 149264 151628 153590 155134 156246 156917 157141 156917 156246 155134 153590 151628 149264 146517 143411 139970 136222 132196 127923 123435 118765 113945 109009 103989 98917.6 93824.9 88740.4 83692.1 78705.7 73805.3 69012.5 64346.8 59825.4 55463 51272 47262.4 43442.1 39816.7 36389.7 33162.8 30135.9 27307 24673.2 22229.7 19971.1 17890.8 15981.5 14235.2 12643.5 11197.8 9889.07 8708.39 7646.8 6695.46 5845.75 5089.32 4418.13 
4974.31 5730 6581.66 7538.34 8609.43 9804.67 11134 12607.4 14235.2 16027.2 17993.3 20143 22485.2 25028.2 27779.2 30744.6 33929.6 37337.6 40970.8 44829.1 48911 53212.2 57726.5 62445.1 67356.6 72447.2 77700.3 83096.4 88613.8 94227.8 99911.7 105636 111370 117080 122732 128289 133716 138974 144027 148838 153371 157591 161465 164962 168054 170716 172925 174663 175915 176671 176923 176671 175915 174663 172925 170716 168054 164962 161465 157591 153371 148838 144027 138974 133716 128289 122732 117080 111370 105636 99911.7 94227.8 88613.8 83096.4 77700.3 72447.2 67356.6 62445.1 57726.5 53212.2 48911 44829.1 40970.8 37337.6 33929.6 30744.6 27779.2 25028.2 22485.2 20143 17993.3 16027.2 14235.2 12607.4 11134 9804.67 8609.43 7538.34 6581.66 5730 4974.31 
5584.54 6432.93 7389.07 8463.1 9665.6 11007.5 12499.8 14154.1 15981.5 17993.3 20200.7 22614.1 25243.6 28098.5 31187 34516.2 38091.9 41918 45996.8 50328.6 54911.1 59740 64808.1 70105.5 75619.6 81334.7 87232.1 93290.3 99484.5 105787 112168 118595 125032 131443 137788 144027 150119 156023 161696 167097 172186 176923 181272 185199 188670 191659 194139 196090 197495 198344 198627 198344 197495 196090 194139 191659 188670 185199 181272 176923 172186 167097 161696 156023 150119 144027 137788 131443 125032 118595 112168 105787 99484.5 93290.3 87232.1 81334.7 75619.6 70105.5 64808.1 59740 54911.1 50328.6 45996.8 41918 38091.9 34516.2 31187 28098.5 25243.6 22614.1 20200.7 17993.3 15981.5 14154.1 12499.8 11007.5 9665.6 8463.1 7389.07 6432.93 5584.54 
6251.73 7201.48 8271.85 9474.21 10820.4 12322.5 13993.2 15845.1 17890.8 20143 22614.1 25315.8 28259.5 31455.5 34913 38640 42642.8 46926 51492.2 56341.4 61471.5 66877.2 72550.8 78481.2 84654 91051.9 97653.9 104436 111370 118426 125569 132764 139970 147147 154250 161234 168054 174663 181014 187060 192757 198061 202929 207325 211211 214556 217333 219517 221091 222040 222358 222040 221091 219517 217333 214556 211211 207325 202929 198061 192757 187060 181014 174663 168054 161234 154250 147147 139970 132764 125569 118426 111370 104436 97653.9 91051.9 84654 78481.2 72550.8 66877.2 61471.5 56341.4 51492.2 46926 42642.8 38640 34913 31455.5 28259.5 25315.8 22614.1 20143 17890.8 15845.1 13993.2 12322.5 10820.4 9474.21 8271.85 7201.48 6251.73 
6978.67 8038.86 9233.69 10575.8 12078.5 13755.4 15620.3 17687.5 19971.1 22485.2 25243.6 28259.5 31545.5 35113 38972.6 43132.9 47601.2 52382.5 57479.6 62892.7 68619.2 74653.6 80986.9 87606.8 94497.4 101639 109009 116579 124320 132196 140170 148202 156246 164257 172186 179982 187595 194973 202062 208811 215170 221091 226526 231432 235770 239505 242604 245042 246799 247859 248213 247859 246799 245042 242604 239505 235770 231432 226526 221091 215170 208811 202062 194973 187595 179982 172186 164257 156246 148202 140170 132196 124320 116579 109009 101639 94497.4 87606.8 80986.9 74653.6 68619.2 62892.7 57479.6 52382.5 47601.2 43132.9 38972.6 35113 31545.5 28259.5 25243.6 22485.2 19971.1 17687.5 15620.3 13755.4 12078.5 10575.8 9233.69 8038.86 6978.67 
7767.91 8948 10278 11771.9 13444.5 15311 17386.9 19687.8 22229.7 25028.2 28098.5 31455.5 35113 39084.1 43380.1 48011 52984.6 58306.6 63980.1 70005.4 76379.6 83096.4 90145.9 97514.5 105184 113134 121337 129764 138380 147147 156023 164962 173916 182833 191659 200337 208811 217023 224913 232426 239505 246095 252144 257606 262434 266591 270041 272755 274710 275890 276284 275890 274710 272755 270041 266591 262434 257606 252144 246095 239505 232426 224913 217023 208811 200337 191659 182833 173916 164962 156023 147147 138380 129764 121337 113134 105184 97514.5 90145.9 83096.4 76379.6 70005.4 63980.1 58306.6 52984.6 48011 43380.1 39084.1 35113 31455.5 28098.5 25028.2 22229.7 19687.8 17386.9 15311 13444.5 11771.9 10278 8948 7767.91 
8621.74 9931.54 11407.7 13065.8 14922.3 16994 19298 21851.9 24673.2 27779.2 31187 34913 38972.6 43380.1 48148.4 53288.2 58808.5 64715.5 71012.7 77700.3 84775.1 92230.2 100055 108233 116746 125569 134674 144027 153590 163321 173172 183094 193032 202929 212725 222358 231763 240877 249635 257974 265830 273145 279859 285921 291281 295894 299723 302735 304905 306215 306653 306215 304905 302735 299723 295894 291281 285921 279859 273145 265830 257974 249635 240877 231763 222358 212725 202929 193032 183094 173172 163321 153590 144027 134674 125569 116746 108233 100055 92230.2 84775.1 77700.3 71012.7 64715.5 58808.5 53288.2 48148.4 43380.1 38972.6 34913 31187 27779.2 24673.2 21851.9 19298 16994 14922.3 13065.8 11407.7 9931.54 8621.74 
9542.12 10991.7 12625.5 14460.6 16515.3 18808.1 21358.1 24184.6 27307 30744.6 34516.2 38640 43132.9 48011 53288.2 58976.8 65086.4 71624 78593.4 85994.8 93824.9 102076 110735 119787 129209 138974 149051 159402 169986 180755 191659 202640 213639 224592 235434 246095 256504 266591 276284 285513 294208 302303 309735 316443 322375 327481 331719 335052 337454 338904 339388 338904 337454 335052 331719 327481 322375 316443 309735 302303 294208 285513 276284 266591 256504 246095 235434 224592 213639 202640 191659 180755 169986 159402 149051 138974 129209 119787 110735 102076 93824.9 85994.8 78593.4 71624 65086.4 58976.8 53288.2 48011 43132.9 38640 34516.2 30744.6 27307 24184.6 21358.1 18808.1 16515.3 14460.6 12625.5 10991.7 9542.12 
10530.6 12130.4 13933.4 15958.7 18226.2 20756.5 23570.6 26690 30135.9 33929.6 38091.9 42642.8 47601.2 52984.6 58808.5 65086.4 71828.9 79043.7 86735.1 94903.3 103544 112650 122207 132196 142594 153371 164491 175915 187595 199480 211513 223632 235770 247859 259823 271588 283076 294208 304905 315090 324686 333620 341821 349225 355771 361406 366082 369762 372412 374012 374546 374012 372412 369762 366082 361406 355771 349225 341821 333620 324686 315090 304905 294208 283076 271588 259823 247859 235770 223632 211513 199480 187595 175915 164491 153371 142594 132196 122207 112650 103544 94903.3 86735.1 79043.7 71828.9 65086.4 58808.5 52984.6 47601.2 42642.8 38091.9 33929.6 30135.9 26690 23570.6 20756.5 18226.2 15958.7 13933.4 12130.4 10530.6 
11588.4 13348.8 15332.9 17561.6 20056.9 22841.4 25938.2 29370.8 33162.8 37337.6 41918 46926 52382.5 58306.6 64715.5 71624 79043.7 86983.3 95447.2 104436 113945 123965 134482 145475 156917 168776 181014 193585 206438 219517 232758 246095 259452 272755 285921 298868 311510 323760 335531 346739 357299 367130 376155 384302 391506 397707 402853 406902 409819 411579 412168 411579 409819 406902 402853 397707 391506 384302 376155 367130 357299 346739 335531 323760 311510 298868 285921 272755 259452 246095 232758 219517 206438 193585 181014 168776 156917 145475 134482 123965 113945 104436 95447.2 86983.3 79043.7 71624 64715.5 58306.6 52382.5 46926 41918 37337.6 33162.8 29370.8 25938.2 22841.4 20056.9 17561.6 15332.9 13348.8 11588.4 
12716 14647.8 16824.9 19270.5 22008.5 25063.9 28462.1 32228.7 36389.7 40970.8 45996.8 51492.2 57479.6 63980.1 71012.7 78593.4 86735.1 95447.2 104735 114598 125032 136028 147568 159630 172186 185199 198627 212422 226526 240877 255407 270041 284698 299295 313743 327949 341821 355263 368180 380479 392066 402853 412757 421697 429602 436406 442053 446496 449696 451628 452274 451628 449696 446496 442053 436406 429602 421697 412757 402853 392066 380479 368180 355263 341821 327949 313743 299295 284698 270041 255407 240877 226526 212422 198627 185199 172186 159630 147568 136028 125032 114598 104735 95447.2 86735.1 78593.4 71012.7 63980.1 57479.6 51492.2 45996.8 40970.8 36389.7 32228.7 28462.1 25063.9 22008.5 19270.5 16824.9 14647.8 12716 
13913.5 16027.2 18409.3 21085.2 24081.2 27424.3 31142.5 35263.9 39816.7 44829.1 50328.6 56341.4 62892.7 70005.4 77700.3 85994.8 94903.3 104436 114598 125390 136807 148838 161465 174663 188401 202640 217333 232426 247859 263562 279460 295472 311510 327481 343289 358834 374012 388720 402853 416310 428988 440792 451628 461410 470059 477504 483683 488544 492046 494160 494866 494160 492046 488544 483683 477504 470059 461410 451628 440792 428988 416310 402853 388720 374012 358834 343289 327481 311510 295472 279460 263562 247859 232426 217333 202640 188401 174663 161465 148838 136807 125390 114598 104436 94903.3 85994.8 77700.3 70005.4 62892.7 56341.4 50328.6 44829.1 39816.7 35263.9 31142.5 27424.3 24081.2 21085.2 18409.3 16027.2 13913.5 
15180.3 17486.5 20085.6 23005.1 26273.8 29921.4 33978.1 38474.7 43442.1 48911 54911.1 61471.5 68619.2 76379.6 84775.1 93824.9 103544 113945 125032 136807 149264 162390 176167 190567 205555 221091 237122 253589 270427 287560 304905 322375 339873 357299 374546 391506 408066 424114 439534 454216 468049 480927 492750 503423 512859 520982 527724 533027 536848 539154 539925 539154 536848 533027 527724 520982 512859 503423 492750 480927 468049 454216 439534 424114 408066 391506 374546 357299 339873 322375 304905 287560 270427 253589 237122 221091 205555 190567 176167 162390 149264 136807 125032 113945 103544 93824.9 84775.1 76379.6 68619.2 61471.5 54911.1 48911 43442.1 38474.7 33978.1 29921.4 26273.8 23005.1 20085.6 17486.5 15180.3 
16515.3 19024.3 21851.9 25028.2 28584.3 32552.6 36966.1 41858.2 47262.4 53212.2 59740 66877.2 74653.6 83096.4 92230.2 102076 112650 123965 136028 148838 162390 176671 191659 207325 223632 240533 257974 275890 294208 312847 331719 350725 369762 388720 407484 425935 443952 461410 478187 494160 509209 523220 536082 547693 557960 566797 574132 579902 584059 586567 587406 586567 584059 579902 574132 566797 557960 547693 536082 523220 509209 494160 478187 461410 443952 425935 407484 388720 369762 350725 331719 312847 294208 275890 257974 240533 223632 207325 191659 176671 162390 148838 136028 123965 112650 102076 92230.2 83096.4 74653.6 66877.2 59740 53212.2 47262.4 41858.2 36966.1 32552.6 28584.3 25028.2 21851.9 19024.3 16515.3 
17916.4 20638.2 23705.7 27151.4 31009.3 35314.3 40102.2 45409.2 51272 57726.5 64808.1 72550.8 80986.9 90145.9 100055 110735 122207 134482 147568 161465 176167 191659 207918 224913 242604 260939 279859 299295 319167 339388 359860 380479 401131 421697 442053 462070 481615 500554 518754 536082 552408 567607 581561 594157 605295 614882 622838 629098 633608 636329 637239 636329 633608 629098 622838 614882 605295 594157 581561 567607 552408 536082 518754 500554 481615 462070 442053 421697 401131 380479 359860 339388 319167 299295 279859 260939 242604 224913 207918 191659 176167 161465 147568 134482 122207 110735 100055 90145.9 80986.9 72550.8 64808.1 57726.5 51272 45409.2 40102.2 35314.3 31009.3 27151.4 23705.7 20638.2 17916.4 
19380.9 22325.2 25643.4 29370.8 33544 38200.9 43380.1 49121 55463 62445.1 70105.5 78481.2 87606.8 97514.5 108233 119787 132196 145475 159630 174663 190567 207325 224913 243298 262434 282268 302735 323760 345256 367130 389275 411579 433919 456167 478187 499840 520982 541470 561157 579902 597562 614004 629098 642724 654772 665143 673750 680521 685399 688343 689327 688343 685399 680521 673750 665143 654772 642724 629098 614004 597562 579902 561157 541470 520982 499840 478187 456167 433919 411579 389275 367130 345256 323760 302735 282268 262434 243298 224913 207325 190567 174663 159630 145475 132196 119787 108233 97514.5 87606.8 78481.2 70105.5 62445.1 55463 49121 43380.1 38200.9 33544 29370.8 25643.4 22325.2 19380.9 
20905.3 24081.2 27660.4 31681 36182.4 41205.5 46792.2 52984.6 59825.4 67356.6 75619.6 84654 94497.4 105184 116746 129209 142594 156917 172186 188401 205555 223632 242604 262434 283076 304470 326547 349225 372412 396006 419894 443952 468049 492046 515798 539154 561960 584059 605295 625513 644563 662298 678579 693277 706273 717459 726743 734047 739309 742484 743546 742484 739309 734047 726743 717459 706273 693277 678579 662298 644563 625513 605295 584059 561960 539154 515798 492046 468049 443952 419894 396006 372412 349225 326547 304470 283076 262434 242604 223632 205555 188401 172186 156917 142594 129209 116746 105184 94497.4 84654 75619.6 67356.6 59825.4 52984.6 46792.2 41205.5 36182.4 31681 27660.4 24081.2 20905.3 
22485.2 25901.1 29750.9 34075.3 38917 44319.7 50328.6 56989 64346.8 72447.2 81334.7 91051.9 101639 113134 125569 138974 153371 168776 185199 202640 221091 240533 260939 282268 304470 327481 351226 375618 400558 425935 451628 477504 503423 529234 554781 579902 604431 628200 651041 672788 693277 712352 729864 745673 759651 771682 781668 789524 795183 798599 799740 798599 795183 789524 781668 771682 759651 745673 729864 712352 693277 672788 651041 628200 604431 579902 554781 529234 503423 477504 451628 425935 400558 375618 351226 327481 304470 282268 260939 240533 221091 202640 185199 168776 153371 138974 125569 113134 101639 91051.9 81334.7 72447.2 64346.8 56989 50328.6 44319.7 38917 34075.3 29750.9 25901.1 22485.2 
24115.6 27779.2 31908.1 36546 41738.8 47533.3 53977.8 61121.2 69012.5 77700.3 87232.1 97653.9 109009 121337 134674 149051 164491 181014 198627 217333 237122 257974 279859 302735 326547 351226 376693 402853 429602 456819 484375 512127 539925 567607 595007 621949 648257 673750 698247 721570 743546 764004 782785 799740 814731 827636 838345 846771 852841 856504 857728 856504 852841 846771 838345 827636 814731 799740 782785 764004 743546 721570 698247 673750 648257 621949 595007 567607 539925 512127 484375 456819 429602 402853 376693 351226 326547 302735 279859 257974 237122 217333 198627 181014 164491 149051 134674 121337 109009 97653.9 87232.1 77700.3 69012.5 61121.2 53977.8 47533.3 41738.8 36546 31908.1 27779.2 24115.6 
25790.4 29708.4 34124 39084.1 44637.4 50834.4 57726.5 65365.9 73805.3 83096.4 93290.3 104436 116579 129764 144027 159402 175915 193585 212422 232426 253589 275890 299295 323760 349225 375618 402853 430831 459437 488544 518014 547693 577422 607027 636329 665143 693277 720540 746739 771682 795183 817063 837148 855281 871313 885113 896567 905577 912069 915986 917296 915986 912069 905577 896567 885113 871313 855281 837148 817063 795183 771682 746739 720540 693277 665143 636329 607027 577422 547693 518014 488544 459437 430831 402853 375618 349225 323760 299295 275890 253589 232426 212422 193585 175915 159402 144027 129764 116579 104436 93290.3 83096.4 73805.3 65365.9 57726.5 50834.4 44637.4 39084.1 34124 29708.4 25790.4 
27502.8 31681 36389.7 41679.2 47601.2 54209.6 61559.3 69706.1 78705.7 88613.8 99484.5 111370 124320 138380 153590 169986 187595 206438 226526 247859 270427 294208 319167 345256 372412 400558 429602 459437 489942 520982 552408 584059 615761 647332 678579 709306 739309 768382 796320 822920 847981 871313 892733 912069 929166 943882 956096 965705 972628 976805 978202 976805 972628 965705 956096 943882 929166 912069 892733 871313 847981 822920 796320 768382 739309 709306 678579 647332 615761 584059 552408 520982 489942 459437 429602 400558 372412 345256 319167 294208 270427 247859 226526 206438 187595 169986 153590 138380 124320 111370 99484.5 88613.8 78705.7 69706.1 61559.3 54209.6 47601.2 41679.2 36389.7 31681 27502.8 
29245.2 33688.1 38695.2 44319.7 50617 57644.1 65459.4 74122.2 83692.1 94227.8 105787 118426 132196 147147 163321 180755 199480 219517 240877 263562 287560 312847 339388 367130 396006 425935 456819 488544 520982 553989 587406 621061 654772 688343 721570 754244 786147 817063 846771 875055 901705 926515 949291 969853 988033 1.00368e+06 1.01667e+06 1.02689e+06 1.03425e+06 1.03869e+06 1.04018e+06 1.03869e+06 1.03425e+06 1.02689e+06 1.01667e+06 1.00368e+06 988033 969853 949291 926515 901705 875055 846771 817063 786147 754244 721570 688343 654772 621061 587406 553989 520982 488544 456819 425935 396006 367130 339388 312847 287560 263562 240877 219517 199480 180755 163321 147147 132196 118426 105787 94227.8 83692.1 74122.2 65459.4 57644.1 50617 44319.7 38695.2 33688.1 29245.2 
31009.3 35720.2 41029.3 46993.1 53670.2 61121.2 69408 78593.4 88740.4 99911.7 112168 125569 140170 156023 173172 191659 211513 232758 255407 279460 304905 331719 359860 389275 419894 451628 484375 518014 552408 587406 622838 658524 694268 729864 765096 799740 833568 866348 897849 927839 956096 982403 1.00655e+06 1.02835e+06 1.04763e+06 1.06422e+06 1.078e+06 1.08883e+06 1.09663e+06 1.10134e+06 1.10292e+06 1.10134e+06 1.09663e+06 1.08883e+06 1.078e+06 1.06422e+06 1.04763e+06 1.02835e+06 1.00655e+06 982403 956096 927839 897849 866348 833568 799740 765096 729864 694268 658524 622838 587406 552408 518014 484375 451628 419894 389275 359860 331719 304905 279460 255407 232758 211513 191659 173172 156023 140170 125569 112168 99911.7 88740.4 78593.4 69408 61121.2 53670.2 46993.1 41029.3 35720.2 31009.3 
32786 37766.8 43380.1 49685.6 56745.3 64623.2 73384.7 83096.4 93824.9 105636 118595 132764 148202 164962 183094 202640 223632 246095 270041 295472 322375 350725 380479 411579 443952 477504 512127 547693 584059 621061 658524 696255 734047 771682 808933 845562 881328 915986 949291 981000 1.01088e+06 1.03869e+06 1.06422e+06 1.08728e+06 1.10766e+06 1.1252e+06 1.13976e+06 1.15121e+06 1.15947e+06 1.16445e+06 1.16611e+06 1.16445e+06 1.15947e+06 1.15121e+06 1.13976e+06 1.1252e+06 1.10766e+06 1.08728e+06 1.06422e+06 1.03869e+06 1.01088e+06 981000 949291 915986 881328 845562 808933 771682 734047 696255 658524 621061 584059 547693 512127 477504 443952 411579 380479 350725 322375 295472 270041 246095 223632 202640 183094 164962 148202 132764 118595 105636 93824.9 83096.4 73384.7 64623.2 56745.3 49685.6 43380.1 37766.8 32786 
34565.6 39816.7 45734.8 52382.5 59825.4 68130.8 77368 87606.8 98917.6 111370 125032 139970 156246 173916 193032 213639 235770 259452 284698 311510 339873 369762 401131 433919 468049 503423 539925 577422 615761 654772 694268 734047 773890 813568 852841 891458 929166 965705 1.00082e+06 1.03425e+06 1.06575e+06 1.09507e+06 1.12199e+06 1.14629e+06 1.16778e+06 1.18627e+06 1.20162e+06 1.2137e+06 1.2224e+06 1.22765e+06 1.22941e+06 1.22765e+06 1.2224e+06 1.2137e+06 1.20162e+06 1.18627e+06 1.16778e+06 1.14629e+06 1.12199e+06 1.09507e+06 1.06575e+06 1.03425e+06 1.00082e+06 965705 929166 891458 852841 813568 773890 734047 694268 654772 615761 577422 539925 503423 468049 433919 401131 369762 339873 311510 284698 259452 235770 213639 193032 173916 156246 139970 125032 111370 98917.6 87606.8 77368 68130.8 59825.4 52382.5 45734.8 39816.7 34565.6 
36337.8 41858.2 48079.6 55068.2 62892.7 71624 81334.7 92098.5 103989 117080 131443 147147 164257 182833 202929 224592 247859 272755 299295 327481 357299 388720 421697 456167 492046 529234 567607 607027 647332 688343 729864 771682 813568 855281 896567 937164 976805 1.01522e+06 1.05213e+06 1.08728e+06 1.12039e+06 1.15121e+06 1.17951e+06 1.20506e+06 1.22765e+06 1.2471e+06 1.26323e+06 1.27593e+06 1.28508e+06 1.29059e+06 1.29244e+06 1.29059e+06 1.28508e+06 1.27593e+06 1.26323e+06 1.2471e+06 1.22765e+06 1.20506e+06 1.17951e+06 1.15121e+06 1.12039e+06 1.08728e+06 1.05213e+06 1.01522e+06 976805 937164 896567 855281 813568 771682 729864 688343 647332 607027 567607 529234 492046 456167 421697 388720 357299 327481 299295 272755 247859 224592 202929 182833 164257 147147 131443 117080 103989 92098.5 81334.7 71624 62892.7 55068.2 48079.6 41858.2 36337.8 
38091.9 43878.7 50400.5 57726.5 65928.6 75081.4 85260.9 96544.2 109009 122732 137788 154250 172186 191659 212725 235434 259823 285921 313743 343289 374546 407484 442053 478187 515798 554781 595007 636329 678579 721570 765096 808933 852841 896567 939846 982403 1.02396e+06 1.06422e+06 1.10292e+06 1.13976e+06 1.17447e+06 1.20679e+06 1.23645e+06 1.26323e+06 1.28691e+06 1.3073e+06 1.32421e+06 1.33752e+06 1.34711e+06 1.35289e+06 1.35483e+06 1.35289e+06 1.34711e+06 1.33752e+06 1.32421e+06 1.3073e+06 1.28691e+06 1.26323e+06 1.23645e+06 1.20679e+06 1.17447e+06 1.13976e+06 1.10292e+06 1.06422e+06 1.02396e+06 982403 939846 896567 852841 808933 765096 721570 678579 636329 595007 554781 515798 478187 442053 407484 374546 343289 313743 285921 259823 235434 212725 191659 172186 154250 137788 122732 109009 96544.2 85260.9 75081.4 65928.6 57726.5 50400.5 43878.7 38091.9 
39816.7 45865.6 52682.7 60340.4 68913.9 78481.2 89121.6 100916 113945 128289 144027 161234 179982 200337 222358 246095 271588 298868 327949 358834 391506 425935 462070 499840 539154 579902 621949 665143 709306 754244 799740 845562 891458 937164 982403 1.02689e+06 1.07032e+06 1.11241e+06 1.15286e+06 1.19137e+06 1.22765e+06 1.26143e+06 1.29244e+06 1.32043e+06 1.34519e+06 1.36649e+06 1.38417e+06 1.39808e+06 1.40811e+06 1.41415e+06 1.41618e+06 1.41415e+06 1.40811e+06 1.39808e+06 1.38417e+06 1.36649e+06 1.34519e+06 1.32043e+06 1.29244e+06 1.26143e+06 1.22765e+06 1.19137e+06 1.15286e+06 1.11241e+06 1.07032e+06 1.02689e+06 982403 937164 891458 845562 799740 754244 709306 665143 621949 579902 539154 499840 462070 425935 391506 358834 327949 298868 271588 246095 222358 200337 179982 161234 144027 128289 113945 100916 89121.6 78481.2 68913.9 60340.4 52682.7 45865.6 39816.7 
41500.9 47805.7 54911.1 62892.7 71828.9 81800.8 92891.3 105184 118765 133716 150119 168054 187595 208811 231763 256504 283076 311510 341821 374012 408066 443952 481615 520982 561960 604431 648257 693277 739309 786147 833568 881328 929166 976805 1.02396e+06 1.07032e+06 1.1156e+06 1.15947e+06 1.20162e+06 1.24176e+06 1.27958e+06 1.31479e+06 1.34711e+06 1.37629e+06 1.40209e+06 1.42429e+06 1.44272e+06 1.45722e+06 1.46767e+06 1.47397e+06 1.47608e+06 1.47397e+06 1.46767e+06 1.45722e+06 1.44272e+06 1.42429e+06 1.40209e+06 1.37629e+06 1.34711e+06 1.31479e+06 1.27958e+06 1.24176e+06 1.20162e+06 1.15947e+06 1.1156e+06 1.07032e+06 1.02396e+06 976805 929166 881328 833568 786147 739309 693277 648257 604431 561960 520982 481615 443952 408066 374012 341821 311510 283076 256504 231763 208811 187595 168054 150119 133716 118765 105184 92891.3 81800.8 71828.9 62892.7 54911.1 47805.7 41500.9 
43132.9 49685.6 57070.5 65365.9 74653.6 85017.6 96544.2 109321 123435 138974 156023 174663 194973 217023 240877 266591 294208 323760 355263 388720 424114 461410 500554 541470 584059 628200 673750 720540 768382 817063 866348 915986 965705 1.01522e+06 1.06422e+06 1.11241e+06 1.15947e+06 1.20506e+06 1.24888e+06 1.29059e+06 1.3299e+06 1.36649e+06 1.40008e+06 1.43041e+06 1.45722e+06 1.4803e+06 1.49946e+06 1.51453e+06 1.52538e+06 1.53194e+06 1.53413e+06 1.53194e+06 1.52538e+06 1.51453e+06 1.49946e+06 1.4803e+06 1.45722e+06 1.43041e+06 1.40008e+06 1.36649e+06 1.3299e+06 1.29059e+06 1.24888e+06 1.20506e+06 1.15947e+06 1.11241e+06 1.06422e+06 1.01522e+06 965705 915986 866348 817063 768382 720540 673750 628200 584059 541470 500554 461410 424114 388720 355263 323760 294208 266591 240877 217023 194973 174663 156023 138974 123435 109321 96544.2 85017.6 74653.6 65365.9 57070.5 49685.6 43132.9 
44701.2 51492.2 59145.6 67742.6 77368 88108.8 100055 113296 127923 144027 161696 181014 202062 224913 249635 276284 304905 335531 368180 402853 439534 478187 518754 561157 605295 651041 698247 746739 796320 846771 897849 949291 1.00082e+06 1.05213e+06 1.10292e+06 1.15286e+06 1.20162e+06 1.24888e+06 1.29429e+06 1.33752e+06 1.37825e+06 1.41618e+06 1.45099e+06 1.48242e+06 1.51021e+06 1.53413e+06 1.55398e+06 1.56959e+06 1.58085e+06 1.58764e+06 1.58991e+06 1.58764e+06 1.58085e+06 1.56959e+06 1.55398e+06 1.53413e+06 1.51021e+06 1.48242e+06 1.45099e+06 1.41618e+06 1.37825e+06 1.33752e+06 1.29429e+06 1.24888e+06 1.20162e+06 1.15286e+06 1.10292e+06 1.05213e+06 1.00082e+06 949291 897849 846771 796320 746739 698247 651041 605295 561157 518754 478187 439534 402853 368180 335531 304905 276284 249635 224913 202062 181014 161696 144027 127923 113296 100055 88108.8 77368 67742.6 59145.6 51492.2 44701.2 
46194.4 53212.2 61121.2 70005.4 79952.3 91051.9 103397 117080 132196 148838 167097 187060 208811 232426 257974 285513 315090 346739 380479 416310 454216 494160 536082 579902 625513 672788 721570 771682 822920 875055 927839 981000 1.03425e+06 1.08728e+06 1.13976e+06 1.19137e+06 1.24176e+06 1.29059e+06 1.33752e+06 1.3822e+06 1.42429e+06 1.46348e+06 1.49946e+06 1.53194e+06 1.56065e+06 1.58537e+06 1.60588e+06 1.62202e+06 1.63365e+06 1.64067e+06 1.64301e+06 1.64067e+06 1.63365e+06 1.62202e+06 1.60588e+06 1.58537e+06 1.56065e+06 1.53194e+06 1.49946e+06 1.46348e+06 1.42429e+06 1.3822e+06 1.33752e+06 1.29059e+06 1.24176e+06 1.19137e+06 1.13976e+06 1.08728e+06 1.03425e+06 981000 927839 875055 822920 771682 721570 672788 625513 579902 536082 494160 454216 416310 380479 346739 315090 285513 257974 232426 208811 187060 167097 148838 132196 117080 103397 91051.9 79952.3 70005.4 61121.2 53212.2 46194.4 
47601.2 54832.7 62982.6 72137.4 82387.2 93824.9 106546 120646 136222 153371 172186 192757 215170 239505 265830 294208 324686 357299 392066 428988 468049 509209 552408 597562 644563 693277 743546 795183 847981 901705 956096 1.01088e+06 1.06575e+06 1.12039e+06 1.17447e+06 1.22765e+06 1.27958e+06 1.3299e+06 1.37825e+06 1.42429e+06 1.46767e+06 1.50805e+06 1.54512e+06 1.57859e+06 1.60818e+06 1.63365e+06 1.65479e+06 1.67142e+06 1.6834e+06 1.69063e+06 1.69305e+06 1.69063e+06 1.6834e+06 1.67142e+06 1.65479e+06 1.63365e+06 1.60818e+06 1.57859e+06 1.54512e+06 1.50805e+06 1.46767e+06 1.42429e+06 1.37825e+06 1.3299e+06 1.27958e+06 1.22765e+06 1.17447e+06 1.12039e+06 1.06575e+06 1.01088e+06 956096 901705 847981 795183 743546 693277 644563 597562 552408 509209 468049 428988 392066 357299 324686 294208 265830 239505 215170 192757 172186 153371 136222 120646 106546 93824.9 82387.2 72137.4 62982.6 54832.7 47601.2 
48911 56341.4 64715.5 74122.2 84654 96406.4 109477 123965 139970 157591 176923 198061 221091 246095 273145 302303 333620 367130 402853 440792 480927 523220 567607 614004 662298 712352 764004 817063 871313 926515 982403 1.03869e+06 1.09507e+06 1.15121e+06 1.20679e+06 1.26143e+06 1.31479e+06 1.36649e+06 1.41618e+06 1.46348e+06 1.50805e+06 1.54954e+06 1.58764e+06 1.62202e+06 1.65243e+06 1.6786e+06 1.70032e+06 1.71741e+06 1.72972e+06 1.73715e+06 1.73963e+06 1.73715e+06 1.72972e+06 1.71741e+06 1.70032e+06 1.6786e+06 1.65243e+06 1.62202e+06 1.58764e+06 1.54954e+06 1.50805e+06 1.46348e+06 1.41618e+06 1.36649e+06 1.31479e+06 1.26143e+06 1.20679e+06 1.15121e+06 1.09507e+06 1.03869e+06 982403 926515 871313 817063 764004 712352 662298 614004 567607 523220 480927 440792 402853 367130 333620 302303 273145 246095 221091 198061 176923 157591 139970 123965 109477 96406.4 84654 74122.2 64715.5 56341.4 48911 
50113.3 57726.5 66306.4 75944.4 86735.1 98776.4 112168 127013 143411 161465 181272 202929 226526 252144 279859 309735 341821 376155 412757 451628 492750 536082 581561 629098 678579 729864 782785 837148 892733 949291 1.00655e+06 1.06422e+06 1.12199e+06 1.17951e+06 1.23645e+06 1.29244e+06 1.34711e+06 1.40008e+06 1.45099e+06 1.49946e+06 1.54512e+06 1.58764e+06 1.62666e+06 1.6619e+06 1.69305e+06 1.71987e+06 1.74212e+06 1.75963e+06 1.77224e+06 1.77985e+06 1.7824e+06 1.77985e+06 1.77224e+06 1.75963e+06 1.74212e+06 1.71987e+06 1.69305e+06 1.6619e+06 1.62666e+06 1.58764e+06 1.54512e+06 1.49946e+06 1.45099e+06 1.40008e+06 1.34711e+06 1.29244e+06 1.23645e+06 1.17951e+06 1.12199e+06 1.06422e+06 1.00655e+06 949291 892733 837148 782785 729864 678579 629098 581561 536082 492750 451628 412757 376155 341821 309735 279859 252144 226526 202929 181272 161465 143411 127013 112168 98776.4 86735.1 75944.4 66306.4 57726.5 50113.3 
51198.8 58976.8 67742.6 77589.3 88613.8 100916 114598 129764 146517 164962 185199 207325 231432 257606 285921 316443 349225 384302 421697 461410 503423 547693 594157 642724 693277 745673 799740 855281 912069 969853 1.02835e+06 1.08728e+06 1.14629e+06 1.20506e+06 1.26323e+06 1.32043e+06 1.37629e+06 1.43041e+06 1.48242e+06 1.53194e+06 1.57859e+06 1.62202e+06 1.6619e+06 1.69789e+06 1.72972e+06 1.75712e+06 1.77985e+06 1.79774e+06 1.81063e+06 1.81841e+06 1.82101e+06 1.81841e+06 1.81063e+06 1.79774e+06 1.77985e+06 1.75712e+06 1.72972e+06 1.69789e+06 1.6619e+06 1.62202e+06 1.57859e+06 1.53194e+06 1.48242e+06 1.43041e+06 1.37629e+06 1.32043e+06 1.26323e+06 1.20506e+06 1.14629e+06 1.08728e+06 1.02835e+06 969853 912069 855281 799740 745673 693277 642724 594157 547693 503423 461410 421697 384302 349225 316443 285921 257606 231432 207325 185199 164962 146517 129764 114598 100916 88613.8 77589.3 67742.6 58976.8 51198.8 
52158.5 60082.3 69012.5 79043.7 90274.8 102808 116746 132196 149264 168054 188670 211211 235770 262434 291281 322375 355771 391506 429602 470059 512859 557960 605295 654772 706273 759651 814731 871313 929166 988033 1.04763e+06 1.10766e+06 1.16778e+06 1.22765e+06 1.28691e+06 1.34519e+06 1.40209e+06 1.45722e+06 1.51021e+06 1.56065e+06 1.60818e+06 1.65243e+06 1.69305e+06 1.72972e+06 1.76215e+06 1.79005e+06 1.81322e+06 1.83144e+06 1.84457e+06 1.85249e+06 1.85514e+06 1.85249e+06 1.84457e+06 1.83144e+06 1.81322e+06 1.79005e+06 1.76215e+06 1.72972e+06 1.69305e+06 1.65243e+06 1.60818e+06 1.56065e+06 1.51021e+06 1.45722e+06 1.40209e+06 1.34519e+06 1.28691e+06 1.22765e+06 1.16778e+06 1.10766e+06 1.04763e+06 988033 929166 871313 814731 759651 706273 654772 605295 557960 512859 470059 429602 391506 355771 322375 291281 262434 235770 211211 188670 168054 149264 132196 116746 102808 90274.8 79043.7 69012.5 60082.3 52158.5 
52984.6 61033.9 70105.5 80295.7 91704.6 104436 118595 134290 151628 170716 191659 214556 239505 266591 295894 327481 361406 397707 436406 477504 520982 566797 614882 665143 717459 771682 827636 885113 943882 1.00368e+06 1.06422e+06 1.1252e+06 1.18627e+06 1.2471e+06 1.3073e+06 1.36649e+06 1.42429e+06 1.4803e+06 1.53413e+06 1.58537e+06 1.63365e+06 1.6786e+06 1.71987e+06 1.75712e+06 1.79005e+06 1.81841e+06 1.84194e+06 1.86045e+06 1.87378e+06 1.88183e+06 1.88452e+06 1.88183e+06 1.87378e+06 1.86045e+06 1.84194e+06 1.81841e+06 1.79005e+06 1.75712e+06 1.71987e+06 1.6786e+06 1.63365e+06 1.58537e+06 1.53413e+06 1.4803e+06 1.42429e+06 1.36649e+06 1.3073e+06 1.2471e+06 1.18627e+06 1.1252e+06 1.06422e+06 1.00368e+06 943882 885113 827636 771682 717459 665143 614882 566797 520982 477504 436406 397707 361406 327481 295894 266591 239505 214556 191659 170716 151628 134290 118595 104436 91704.6 80295.7 70105.5 61033.9 52984.6 
53670.2 61823.7 71012.7 81334.7 92891.3 105787 120130 136028 153590 172925 194139 217333 242604 270041 299723 331719 366082 402853 442053 483683 527724 574132 622838 673750 726743 781668 838345 896567 956096 1.01667e+06 1.078e+06 1.13976e+06 1.20162e+06 1.26323e+06 1.32421e+06 1.38417e+06 1.44272e+06 1.49946e+06 1.55398e+06 1.60588e+06 1.65479e+06 1.70032e+06 1.74212e+06 1.77985e+06 1.81322e+06 1.84194e+06 1.86577e+06 1.88452e+06 1.89803e+06 1.90618e+06 1.90891e+06 1.90618e+06 1.89803e+06 1.88452e+06 1.86577e+06 1.84194e+06 1.81322e+06 1.77985e+06 1.74212e+06 1.70032e+06 1.65479e+06 1.60588e+06 1.55398e+06 1.49946e+06 1.44272e+06 1.38417e+06 1.32421e+06 1.26323e+06 1.20162e+06 1.13976e+06 1.078e+06 1.01667e+06 956096 896567 838345 781668 726743 673750 622838 574132 527724 483683 442053 402853 366082 331719 299723 270041 242604 217333 194139 172925 153590 136028 120130 105787 92891.3 81334.7 71012.7 61823.7 53670.2 
54209.6 62445.1 71726.4 82152.1 93824.9 106850 121337 137395 155134 174663 196090 219517 245042 272755 302735 335052 369762 406902 446496 488544 533027 579902 629098 680521 734047 789524 846771 905577 965705 1.02689e+06 1.08883e+06 1.15121e+06 1.2137e+06 1.27593e+06 1.33752e+06 1.39808e+06 1.45722e+06 1.51453e+06 1.56959e+06 1.62202e+06 1.67142e+06 1.71741e+06 1.75963e+06 1.79774e+06 1.83144e+06 1.86045e+06 1.88452e+06 1.90346e+06 1.91711e+06 1.92534e+06 1.92809e+06 1.92534e+06 1.91711e+06 1.90346e+06 1.88452e+06 1.86045e+06 1.83144e+06 1.79774e+06 1.75963e+06 1.71741e+06 1.67142e+06 1.62202e+06 1.56959e+06 1.51453e+06 1.45722e+06 1.39808e+06 1.33752e+06 1.27593e+06 1.2137e+06 1.15121e+06 1.08883e+06 1.02689e+06 965705 905577 846771 789524 734047 680521 629098 579902 533027 488544 446496 406902 369762 335052 302735 272755 245042 219517 196090 174663 155134 137395 121337 106850 93824.9 82152.1 71726.4 62445.1 54209.6 
54598.2 62892.7 72240.5 82741 94497.4 107616 122207 138380 156246 175915 197495 221091 246799 274710 304905 337454 372412 409819 449696 492046 536848 584059 633608 685399 739309 795183 852841 912069 972628 1.03425e+06 1.09663e+06 1.15947e+06 1.2224e+06 1.28508e+06 1.34711e+06 1.40811e+06 1.46767e+06 1.52538e+06 1.58085e+06 1.63365e+06 1.6834e+06 1.72972e+06 1.77224e+06 1.81063e+06 1.84457e+06 1.87378e+06 1.89803e+06 1.91711e+06 1.93085e+06 1.93914e+06 1.94192e+06 1.93914e+06 1.93085e+06 1.91711e+06 1.89803e+06 1.87378e+06 1.84457e+06 1.81063e+06 1.77224e+06 1.72972e+06 1.6834e+06 1.63365e+06 1.58085e+06 1.52538e+06 1.46767e+06 1.40811e+06 1.34711e+06 1.28508e+06 1.2224e+06 1.15947e+06 1.09663e+06 1.03425e+06 972628 912069 852841 795183 739309 685399 633608 584059 536848 492046 449696 409819 372412 337454 304905 274710 246799 221091 197495 175915 156246 138380 122207 107616 94497.4 82741 72240.5 62892.7 54598.2 
