0.0040327 0.00498362 0.00613247 0.00751396 0.00916738 0.0111369 0.0134718 0.0162266 0.0194614 0.0232414 0.0276371 0.0327239 0.0385817 0.0452938 0.0529467 0.0616286 0.0714278 0.0824319 0.0947252 0.108387 0.123491 0.140098 0.15826 0.178014 0.199379 0.222355 0.24692 0.273029 0.30061 0.329565 0.359766 0.391059 0.42326 0.456157 0.489512 0.523065 0.556532 0.589613 0.621994 0.653353 0.683364 0.711703 0.738054 0.762114 0.783599 0.802251 0.817842 0.830177 0.839102 0.844503 0.84631 0.844503 0.839102 0.830177 0.817842 0.802251 0.783599 0.762114 0.738054 0.711703 0.683364 0.653353 0.621994 0.589613 0.556532 0.523065 0.489512 0.456157 0.42326 0.391059 0.359766 0.329565 0.30061 0.273029 0.24692 0.222355 0.199379 0.178014 0.15826 0.140098 0.123491 0.108387 0.0947252 0.0824319 0.0714278 0.0616286 0.0529467 0.0452938 0.0385817 0.0327239 0.0276371 0.0232414 0.0194614 0.0162266 0.0134718 0.0111369 0.00916738 0.00751396 0.00613247 0.00498362 0.0040327 
0.00498362 0.00615876 0.00757852 0.00928576 0.0113291 0.013763 0.0166484 0.0200529 0.0240504 0.0287217 0.0341539 0.0404402 0.0476792 0.0559741 0.0654316 0.0761607 0.0882706 0.101869 0.117062 0.133945 0.15261 0.173133 0.195578 0.21999 0.246392 0.274786 0.305144 0.337409 0.371494 0.407276 0.444599 0.483271 0.523065 0.563719 0.60494 0.646404 0.687763 0.728644 0.768661 0.807415 0.844503 0.879524 0.912088 0.941821 0.968373 0.991423 1.01069 1.02593 1.03696 1.04364 1.04587 1.04364 1.03696 1.02593 1.01069 0.991423 0.968373 0.941821 0.912088 0.879524 0.844503 0.807415 0.768661 0.728644 0.687763 0.646404 0.60494 0.563719 0.523065 0.483271 0.444599 0.407276 0.371494 0.337409 0.305144 0.274786 0.246392 0.21999 0.195578 0.173133 0.15261 0.133945 0.117062 0.101869 0.0882706 0.0761607 0.0654316 0.0559741 0.0476792 0.0404402 0.0341539 0.0287217 0.0240504 0.0200529 0.0166484 0.013763 0.0113291 0.00928576 0.00757852 0.00615876 0.00498362 
0.00613247 0.00757852 0.00932557 0.0114264 0.0139407 0.0169357 0.0204863 0.0246756 0.0295946 0.0353428 0.0420273 0.0497628 0.0586706 0.0688777 0.0805154 0.0937177 0.108619 0.125353 0.144047 0.164823 0.18779 0.213045 0.240664 0.270703 0.303192 0.338132 0.375488 0.415191 0.457133 0.501164 0.547091 0.594678 0.643645 0.693671 0.744395 0.795418 0.84631 0.896616 0.945858 0.993545 1.03918 1.08228 1.12235 1.15894 1.19161 1.21997 1.24368 1.26244 1.27601 1.28422 1.28697 1.28422 1.27601 1.26244 1.24368 1.21997 1.19161 1.15894 1.12235 1.08228 1.03918 0.993545 0.945858 0.896616 0.84631 0.795418 0.744395 0.693671 0.643645 0.594678 0.547091 0.501164 0.457133 0.415191 0.375488 0.338132 0.303192 0.270703 0.240664 0.213045 0.18779 0.164823 0.144047 0.125353 0.108619 0.0937177 0.0805154 0.0688777 0.0586706 0.0497628 0.0420273 0.0353428 0.0295946 0.0246756 0.0204863 0.0169357 0.0139407 0.0114264 0.00932557 0.00757852 0.00613247 
0.00751396 0.00928576 0.0114264 0.0140005 0.0170812 0.0207509 0.0251014 0.0302343 0.0362616 0.0433047 0.051495 0.0609731 0.0718876 0.0843941 0.0986535 0.11483 0.133089 0.153592 0.176498 0.201954 0.230095 0.261038 0.294879 0.331686 0.371494 0.414304 0.460076 0.508723 0.560114 0.614064 0.670337 0.728644 0.788643 0.849938 0.912088 0.974605 1.03696 1.0986 1.15894 1.21737 1.27328 1.32609 1.37519 1.42001 1.46005 1.4948 1.52385 1.54683 1.56346 1.57353 1.5769 1.57353 1.56346 1.54683 1.52385 1.4948 1.46005 1.42001 1.37519 1.32609 1.27328 1.21737 1.15894 1.0986 1.03696 0.974605 0.912088 0.849938 0.788643 0.728644 0.670337 0.614064 0.560114 0.508723 0.460076 0.414304 0.371494 0.331686 0.294879 0.261038 0.230095 0.201954 0.176498 0.153592 0.133089 0.11483 0.0986535 0.0843941 0.0718876 0.0609731 0.051495 0.0433047 0.0362616 0.0302343 0.0251014 0.0207509 0.0170812 0.0140005 0.0114264 0.00928576 0.00751396 
0.00916738 0.0113291 0.0139407 0.0170812 0.0208398 0.025317 0.0306248 0.0368873 0.0442407 0.0528336 0.0628263 0.07439 0.0877061 0.102965 0.120362 0.140098 0.162374 0.187389 0.215335 0.246392 0.280726 0.318479 0.359766 0.404672 0.45324 0.50547 0.561313 0.620665 0.683364 0.749186 0.817842 0.888979 0.96218 1.03696 1.11279 1.18906 1.26514 1.34034 1.41395 1.48524 1.55346 1.61789 1.67779 1.73248 1.78132 1.82373 1.85917 1.88721 1.9075 1.91977 1.92388 1.91977 1.9075 1.88721 1.85917 1.82373 1.78132 1.73248 1.67779 1.61789 1.55346 1.48524 1.41395 1.34034 1.26514 1.18906 1.11279 1.03696 0.96218 0.888979 0.817842 0.749186 0.683364 0.620665 0.561313 0.50547 0.45324 0.404672 0.359766 0.318479 0.280726 0.246392 0.215335 0.187389 0.162374 0.140098 0.120362 0.102965 0.0877061 0.07439 0.0628263 0.0528336 0.0442407 0.0368873 0.0306248 0.025317 0.0208398 0.0170812 0.0139407 0.0113291 0.00916738 
0.0111369 0.013763 0.0169357 0.0207509 0.025317 0.0307561 0.0372042 0.0448121 0.0537453 0.0641843 0.0763237 0.0903717 0.106549 0.125085 0.14622 0.170196 0.197258 0.227647 0.261597 0.299327 0.341037 0.3869 0.437058 0.491611 0.550613 0.614064 0.681905 0.754008 0.830177 0.91014 0.993545 1.07997 1.16889 1.25974 1.35186 1.44452 1.53694 1.6283 1.71773 1.80433 1.88721 1.96547 2.03824 2.10469 2.16402 2.21553 2.25859 2.29265 2.3173 2.33221 2.33721 2.33221 2.3173 2.29265 2.25859 2.21553 2.16402 2.10469 2.03824 1.96547 1.88721 1.80433 1.71773 1.6283 1.53694 1.44452 1.35186 1.25974 1.16889 1.07997 0.993545 0.91014 0.830177 0.754008 0.681905 0.614064 0.550613 0.491611 0.437058 0.3869 0.341037 0.299327 0.261597 0.227647 0.197258 0.170196 0.14622 0.125085 0.106549 0.0903717 0.0763237 0.0641843 0.0537453 0.0448121 0.0372042 0.0307561 0.025317 0.0207509 0.0169357 0.013763 0.0111369 
0.0134718 0.0166484 0.0204863 0.0251014 0.0306248 0.0372042 0.0450041 0.0542071 0.0650132 0.0776408 0.0923252 0.109318 0.128887 0.15131 0.176875 0.205878 0.238614 0.275374 0.316442 0.362082 0.412536 0.468015 0.528688 0.594678 0.66605 0.742805 0.824868 0.912088 1.00423 1.10095 1.20185 1.30638 1.41395 1.52385 1.63528 1.74737 1.85917 1.96968 2.07785 2.18261 2.28287 2.37754 2.46557 2.54594 2.61771 2.68002 2.73211 2.77331 2.80313 2.82117 2.82721 2.82117 2.80313 2.77331 2.73211 2.68002 2.61771 2.54594 2.46557 2.37754 2.28287 2.18261 2.07785 1.96968 1.85917 1.74737 1.63528 1.52385 1.41395 1.30638 1.20185 1.10095 1.00423 0.912088 0.824868 0.742805 0.66605 0.594678 0.528688 0.468015 0.412536 0.362082 0.316442 0.275374 0.238614 0.205878 0.176875 0.15131 0.128887 0.109318 0.0923252 0.0776408 0.0650132 0.0542071 0.0450041 0.0372042 0.0306248 0.0251014 0.0204863 0.0166484 0.0134718 
0.0162266 0.0200529 0.0246756 0.0302343 0.0368873 0.0448121 0.0542071 0.0652919 0.0783078 0.0935175 0.111205 0.131673 0.155243 0.182251 0.213045 0.247978 0.287408 0.331686 0.381151 0.436124 0.496896 0.563719 0.6368 0.716284 0.802251 0.894701 0.993545 1.0986 1.20958 1.32609 1.44761 1.57353 1.70309 1.83546 1.96968 2.10469 2.23935 2.37246 2.50275 2.62893 2.74969 2.86372 2.96975 3.06656 3.15301 3.22806 3.2908 3.34043 3.37634 3.39807 3.40535 3.39807 3.37634 3.34043 3.2908 3.22806 3.15301 3.06656 2.96975 2.86372 2.74969 2.62893 2.50275 2.37246 2.23935 2.10469 1.96968 1.83546 1.70309 1.57353 1.44761 1.32609 1.20958 1.0986 0.993545 0.894701 0.802251 0.716284 0.6368 0.563719 0.496896 0.436124 0.381151 0.331686 0.287408 0.247978 0.213045 0.182251 0.155243 0.131673 0.111205 0.0935175 0.0783078 0.0652919 0.0542071 0.0448121 0.0368873 0.0302343 0.0246756 0.0200529 0.0162266 
0.0194614 0.0240504 0.0295946 0.0362616 0.0442407 0.0537453 0.0650132 0.0783078 0.0939184 0.11216 0.133373 0.157922 0.186191 0.218583 0.255515 0.297413 0.344703 0.397807 0.457133 0.523065 0.595951 0.676096 0.763745 0.859075 0.96218 1.07306 1.19161 1.31761 1.45071 1.59044 1.73619 1.88721 2.04261 2.20136 2.36233 2.52425 2.68576 2.84541 3.00167 3.15301 3.29784 3.4346 3.56177 3.67788 3.78156 3.87157 3.94681 4.00634 4.04941 4.07548 4.0842 4.07548 4.04941 4.00634 3.94681 3.87157 3.78156 3.67788 3.56177 3.4346 3.29784 3.15301 3.00167 2.84541 2.68576 2.52425 2.36233 2.20136 2.04261 1.88721 1.73619 1.59044 1.45071 1.31761 1.19161 1.07306 0.96218 0.859075 0.763745 0.676096 0.595951 0.523065 0.457133 0.397807 0.344703 0.297413 0.255515 0.218583 0.186191 0.157922 0.133373 0.11216 0.0939184 0.0783078 0.0650132 0.0537453 0.0442407 0.0362616 0.0295946 0.0240504 0.0194614 
0.0232414 0.0287217 0.0353428 0.0433047 0.0528336 0.0641843 0.0776408 0.0935175 0.11216 0.133945 0.159279 0.188595 0.222355 0.261038 0.305144 0.355179 0.411655 0.475074 0.545923 0.62466 0.711703 0.807415 0.912088 1.02593 1.14906 1.28148 1.42305 1.57353 1.73248 1.89935 2.07341 2.25376 2.43934 2.62893 2.82117 3.01454 3.20742 3.39807 3.58469 3.76542 3.93838 4.10171 4.25357 4.39223 4.51606 4.62355 4.71341 4.7845 4.83593 4.86706 4.87748 4.86706 4.83593 4.7845 4.71341 4.62355 4.51606 4.39223 4.25357 4.10171 3.93838 3.76542 3.58469 3.39807 3.20742 3.01454 2.82117 2.62893 2.43934 2.25376 2.07341 1.89935 1.73248 1.57353 1.42305 1.28148 1.14906 1.02593 0.912088 0.807415 0.711703 0.62466 0.545923 0.475074 0.411655 0.355179 0.305144 0.261038 0.222355 0.188595 0.159279 0.133945 0.11216 0.0935175 0.0776408 0.0641843 0.0528336 0.0433047 0.0353428 0.0287217 0.0232414 
0.0276371 0.0341539 0.0420273 0.051495 0.0628263 0.0763237 0.0923252 0.111205 0.133373 0.159279 0.189404 0.224265 0.264409 0.310409 0.362857 0.422356 0.489512 0.564926 0.649175 0.742805 0.84631 0.960124 1.08459 1.21997 1.36639 1.52385 1.6922 1.87113 2.06015 2.25859 2.46557 2.68002 2.9007 3.12615 3.35475 3.58469 3.81405 4.04076 4.26268 4.47759 4.68326 4.87748 5.05806 5.22295 5.37019 5.49802 5.60487 5.68941 5.75057 5.78758 5.79997 5.78758 5.75057 5.68941 5.60487 5.49802 5.37019 5.22295 5.05806 4.87748 4.68326 4.47759 4.26268 4.04076 3.81405 3.58469 3.35475 3.12615 2.9007 2.68002 2.46557 2.25859 2.06015 1.87113 1.6922 1.52385 1.36639 1.21997 1.08459 0.960124 0.84631 0.742805 0.649175 0.564926 0.489512 0.422356 0.362857 0.310409 0.264409 0.224265 0.189404 0.159279 0.133373 0.111205 0.0923252 0.0763237 0.0628263 0.051495 0.0420273 0.0341539 0.0276371 
0.0327239 0.0404402 0.0497628 0.0609731 0.07439 0.0903717 0.109318 0.131673 0.157922 0.188595 0.224265 0.265543 0.313076 0.367543 0.429644 0.500094 0.579611 0.668905 0.768661 0.879524 1.00208 1.13684 1.28422 1.44452 1.61789 1.80433 2.00367 2.21553 2.43934 2.6743 2.91937 3.1733 3.4346 3.70155 3.97222 4.24448 4.51606 4.7845 5.04726 5.30173 5.54526 5.77522 5.98904 6.18428 6.35862 6.50998 6.63649 6.73659 6.80901 6.85283 6.8675 6.85283 6.80901 6.73659 6.63649 6.50998 6.35862 6.18428 5.98904 5.77522 5.54526 5.30173 5.04726 4.7845 4.51606 4.24448 3.97222 3.70155 3.4346 3.1733 2.91937 2.6743 2.43934 2.21553 2.00367 1.80433 1.61789 1.44452 1.28422 1.13684 1.00208 0.879524 0.768661 0.668905 0.579611 0.500094 0.429644 0.367543 0.313076 0.265543 0.224265 0.188595 0.157922 0.131673 0.109318 0.0903717 0.07439 0.0609731 0.0497628 0.0404402 0.0327239 
0.0385817 0.0476792 0.0586706 0.0718876 0.0877061 0.106549 0.128887 0.155243 0.186191 0.222355 0.264409 0.313076 0.369118 0.433335 0.506552 0.589613 0.683364 0.788643 0.906255 1.03696 1.18146 1.34034 1.51411 1.70309 1.9075 2.12731 2.36233 2.61212 2.876 3.15301 3.44195 3.74134 4.04941 4.36414 4.68326 5.00427 5.32445 5.64094 5.95074 6.25076 6.53788 6.80901 7.06111 7.29129 7.49685 7.6753 7.82446 7.94247 8.02785 8.07952 8.09682 8.07952 8.02785 7.94247 7.82446 7.6753 7.49685 7.29129 7.06111 6.80901 6.53788 6.25076 5.95074 5.64094 5.32445 5.00427 4.68326 4.36414 4.04941 3.74134 3.44195 3.15301 2.876 2.61212 2.36233 2.12731 1.9075 1.70309 1.51411 1.34034 1.18146 1.03696 0.906255 0.788643 0.683364 0.589613 0.506552 0.433335 0.369118 0.313076 0.264409 0.222355 0.186191 0.155243 0.128887 0.106549 0.0877061 0.0718876 0.0586706 0.0476792 0.0385817 
0.0452938 0.0559741 0.0688777 0.0843941 0.102965 0.125085 0.15131 0.182251 0.218583 0.261038 0.310409 0.367543 0.433335 0.508723 0.594678 0.69219 0.802251 0.925845 1.06392 1.21737 1.387 1.57353 1.77752 1.99939 2.23935 2.49741 2.77331 3.06656 3.37634 3.70155 4.04076 4.39223 4.7539 5.12339 5.49802 5.87487 6.25076 6.62231 6.98601 7.33822 7.6753 7.99359 8.28955 8.55978 8.80109 9.01059 9.1857 9.32424 9.42448 9.48514 9.50545 9.48514 9.42448 9.32424 9.1857 9.01059 8.80109 8.55978 8.28955 7.99359 7.6753 7.33822 6.98601 6.62231 6.25076 5.87487 5.49802 5.12339 4.7539 4.39223 4.04076 3.70155 3.37634 3.06656 2.77331 2.49741 2.23935 1.99939 1.77752 1.57353 1.387 1.21737 1.06392 0.925845 0.802251 0.69219 0.594678 0.508723 0.433335 0.367543 0.310409 0.261038 0.218583 0.182251 0.15131 0.125085 0.102965 0.0843941 0.0688777 0.0559741 0.0452938 
0.0529467 0.0654316 0.0805154 0.0986535 0.120362 0.14622 0.176875 0.213045 0.255515 0.305144 0.362857 0.429644 0.506552 0.594678 0.695156 0.809143 0.937801 1.08228 1.24368 1.42305 1.62135 1.83939 2.07785 2.33721 2.61771 2.91937 3.2419 3.58469 3.94681 4.32697 4.7235 5.13435 5.55713 5.98904 6.42698 6.8675 7.3069 7.74124 8.16638 8.57811 8.97213 9.3442 9.69017 10.0061 10.2881 10.533 10.7377 10.8997 11.0169 11.0878 11.1115 11.0878 11.0169 10.8997 10.7377 10.533 10.2881 10.0061 9.69017 9.3442 8.97213 8.57811 8.16638 7.74124 7.3069 6.8675 6.42698 5.98904 5.55713 5.13435 4.7235 4.32697 3.94681 3.58469 3.2419 2.91937 2.61771 2.33721 2.07785 1.83939 1.62135 1.42305 1.24368 1.08228 0.937801 0.809143 0.695156 0.594678 0.506552 0.429644 0.362857 0.305144 0.255515 0.213045 0.176875 0.14622 0.120362 0.0986535 0.0805154 0.0654316 0.0529467 
0.0616286 0.0761607 0.0937177 0.11483 0.140098 0.170196 0.205878 0.247978 0.297413 0.355179 0.422356 0.500094 0.589613 0.69219 0.809143 0.941821 1.09158 1.25974 1.44761 1.6564 1.88721 2.141 2.41856 2.72045 3.04695 3.39807 3.77348 4.17248 4.59398 5.03648 5.49802 5.97625 6.46835 6.97109 7.48083 7.99359 8.50504 9.01059 9.50545 9.98468 10.4433 10.8764 11.2791 11.6468 11.9751 12.2602 12.4984 12.6869 12.8233 12.9059 12.9335 12.9059 12.8233 12.6869 12.4984 12.2602 11.9751 11.6468 11.2791 10.8764 10.4433 9.98468 9.50545 9.01059 8.50504 7.99359 7.48083 6.97109 6.46835 5.97625 5.49802 5.03648 4.59398 4.17248 3.77348 3.39807 3.04695 2.72045 2.41856 2.141 1.88721 1.6564 1.44761 1.25974 1.09158 0.941821 0.809143 0.69219 0.589613 0.500094 0.422356 0.355179 0.297413 0.247978 0.205878 0.170196 0.140098 0.11483 0.0937177 0.0761607 0.0616286 
0.0714278 0.0882706 0.108619 0.133089 0.162374 0.197258 0.238614 0.287408 0.344703 0.411655 0.489512 0.579611 0.683364 0.802251 0.937801 1.09158 1.26514 1.46005 1.67779 1.91977 2.18728 2.48143 2.80313 3.15301 3.53143 3.93838 4.37349 4.83593 5.32445 5.8373 6.37224 6.9265 7.49685 8.07952 8.67032 9.26461 9.85738 10.4433 11.0169 11.5723 12.1039 12.6058 13.0725 13.4987 13.8792 14.2096 14.4857 14.7042 14.8623 14.958 14.99 14.958 14.8623 14.7042 14.4857 14.2096 13.8792 13.4987 13.0725 12.6058 12.1039 11.5723 11.0169 10.4433 9.85738 9.26461 8.67032 8.07952 7.49685 6.9265 6.37224 5.8373 5.32445 4.83593 4.37349 3.93838 3.53143 3.15301 2.80313 2.48143 2.18728 1.91977 1.67779 1.46005 1.26514 1.09158 0.937801 0.802251 0.683364 0.579611 0.489512 0.411655 0.344703 0.287408 0.238614 0.197258 0.162374 0.133089 0.108619 0.0882706 0.0714278 
0.0824319 0.101869 0.125353 0.153592 0.187389 0.227647 0.275374 0.331686 0.397807 0.475074 0.564926 0.668905 0.788643 0.925845 1.08228 1.25974 1.46005 1.68498 1.93627 2.21553 2.52425 2.86372 3.23497 3.63876 4.07548 4.54512 5.04726 5.58095 6.14473 6.73659 7.35393 7.99359 8.6518 9.32424 10.0061 10.6919 11.376 12.0522 12.7141 13.3551 13.9686 14.5478 15.0865 15.5783 16.0174 16.3987 16.7174 16.9695 17.152 17.2624 17.2993 17.2624 17.152 16.9695 16.7174 16.3987 16.0174 15.5783 15.0865 14.5478 13.9686 13.3551 12.7141 12.0522 11.376 10.6919 10.0061 9.32424 8.6518 7.99359 7.35393 6.73659 6.14473 5.58095 5.04726 4.54512 4.07548 3.63876 3.23497 2.86372 2.52425 2.21553 1.93627 1.68498 1.46005 1.25974 1.08228 0.925845 0.788643 0.668905 0.564926 0.475074 0.397807 0.331686 0.275374 0.227647 0.187389 0.153592 0.125353 0.101869 0.0824319 
0.0947252 0.117062 0.144047 0.176498 0.215335 0.261597 0.316442 0.381151 0.457133 0.545923 0.649175 0.768661 0.906255 1.06392 1.24368 1.44761 1.67779 1.93627 2.22503 2.54594 2.9007 3.2908 3.71741 4.18142 4.68326 5.22295 5.79997 6.41325 7.06111 7.74124 8.45065 9.1857 9.94207 10.7148 11.4983 12.2864 13.0725 13.8496 14.6102 15.3468 16.0517 16.7174 17.3364 17.9015 18.4062 18.8443 19.2105 19.5003 19.7099 19.8368 19.8792 19.8368 19.7099 19.5003 19.2105 18.8443 18.4062 17.9015 17.3364 16.7174 16.0517 15.3468 14.6102 13.8496 13.0725 12.2864 11.4983 10.7148 9.94207 9.1857 8.45065 7.74124 7.06111 6.41325 5.79997 5.22295 4.68326 4.18142 3.71741 3.2908 2.9007 2.54594 2.22503 1.93627 1.67779 1.44761 1.24368 1.06392 0.906255 0.768661 0.649175 0.545923 0.457133 0.381151 0.316442 0.261597 0.215335 0.176498 0.144047 0.117062 0.0947252 
0.108387 0.133945 0.164823 0.201954 0.246392 0.299327 0.362082 0.436124 0.523065 0.62466 0.742805 0.879524 1.03696 1.21737 1.42305 1.6564 1.91977 2.21553 2.54594 2.91314 3.31907 3.76542 4.25357 4.7845 5.35872 5.97625 6.63649 7.33822 8.07952 8.85774 9.66947 10.5105 11.376 12.2602 13.1567 14.0585 14.958 15.8471 16.7174 17.5602 18.3669 19.1285 19.8368 20.4834 21.0609 21.5622 21.9812 22.3128 22.5526 22.6978 22.7464 22.6978 22.5526 22.3128 21.9812 21.5622 21.0609 20.4834 19.8368 19.1285 18.3669 17.5602 16.7174 15.8471 14.958 14.0585 13.1567 12.2602 11.376 10.5105 9.66947 8.85774 8.07952 7.33822 6.63649 5.97625 5.35872 4.7845 4.25357 3.76542 3.31907 2.91314 2.54594 2.21553 1.91977 1.6564 1.42305 1.21737 1.03696 0.879524 0.742805 0.62466 0.523065 0.436124 0.362082 0.299327 0.246392 0.201954 0.164823 0.133945 0.108387 
0.123491 0.15261 0.18779 0.230095 0.280726 0.341037 0.412536 0.496896 0.595951 0.711703 0.84631 1.00208 1.18146 1.387 1.62135 1.88721 2.18728 2.52425 2.9007 3.31907 3.78156 4.29011 4.84628 5.45119 6.10543 6.80901 7.56125 8.36077 9.20536 10.092 11.0169 11.9751 12.9612 13.9686 14.99 16.0174 17.0423 18.0553 19.0469 20.0072 20.9262 21.794 22.6009 23.3377 23.9956 24.5668 25.0442 25.4219 25.6952 25.8606 25.916 25.8606 25.6952 25.4219 25.0442 24.5668 23.9956 23.3377 22.6009 21.794 20.9262 20.0072 19.0469 18.0553 17.0423 16.0174 14.99 13.9686 12.9612 11.9751 11.0169 10.092 9.20536 8.36077 7.56125 6.80901 6.10543 5.45119 4.84628 4.29011 3.78156 3.31907 2.9007 2.52425 2.18728 1.88721 1.62135 1.387 1.18146 1.00208 0.84631 0.711703 0.595951 0.496896 0.412536 0.341037 0.280726 0.230095 0.18779 0.15261 0.123491 
0.140098 0.173133 0.213045 0.261038 0.318479 0.3869 0.468015 0.563719 0.676096 0.807415 0.960124 1.13684 1.34034 1.57353 1.83939 2.141 2.48143 2.86372 3.2908 3.76542 4.29011 4.86706 5.49802 6.18428 6.9265 7.7247 8.57811 9.48514 10.4433 11.4492 12.4984 13.5856 14.7042 15.8471 17.0059 18.1715 19.3342 20.4834 21.6083 22.6978 23.7404 24.7249 25.6403 26.4762 27.2226 27.8706 28.4122 28.8407 29.1508 29.3384 29.4012 29.3384 29.1508 28.8407 28.4122 27.8706 27.2226 26.4762 25.6403 24.7249 23.7404 22.6978 21.6083 20.4834 19.3342 18.1715 17.0059 15.8471 14.7042 13.5856 12.4984 11.4492 10.4433 9.48514 8.57811 7.7247 6.9265 6.18428 5.49802 4.86706 4.29011 3.76542 3.2908 2.86372 2.48143 2.141 1.83939 1.57353 1.34034 1.13684 0.960124 0.807415 0.676096 0.563719 0.468015 0.3869 0.318479 0.261038 0.213045 0.173133 0.140098 
0.15826 0.195578 0.240664 0.294879 0.359766 0.437058 0.528688 0.6368 0.763745 0.912088 1.08459 1.28422 1.51411 1.77752 2.07785 2.41856 2.80313 3.23497 3.71741 4.25357 4.84628 5.49802 6.21079 6.98601 7.82446 8.72613 9.69017 10.7148 11.7972 12.9335 14.1187 15.3468 16.6105 17.9015 19.2105 20.5273 21.8406 23.1389 24.4097 25.6403 26.8181 27.9302 28.9643 29.9085 30.7517 31.4837 32.0955 32.5796 32.9299 33.1418 33.2128 33.1418 32.9299 32.5796 32.0955 31.4837 30.7517 29.9085 28.9643 27.9302 26.8181 25.6403 24.4097 23.1389 21.8406 20.5273 19.2105 17.9015 16.6105 15.3468 14.1187 12.9335 11.7972 10.7148 9.69017 8.72613 7.82446 6.98601 6.21079 5.49802 4.84628 4.25357 3.71741 3.23497 2.80313 2.41856 2.07785 1.77752 1.51411 1.28422 1.08459 0.912088 0.763745 0.6368 0.528688 0.437058 0.359766 0.294879 0.240664 0.195578 0.15826 
0.178014 0.21999 0.270703 0.331686 0.404672 0.491611 0.594678 0.716284 0.859075 1.02593 1.21997 1.44452 1.70309 1.99939 2.33721 2.72045 3.15301 3.63876 4.18142 4.7845 5.45119 6.18428 6.98601 7.85799 8.80109 9.81531 10.8997 12.0522 13.2697 14.5478 15.881 17.2624 18.6838 20.1359 21.6083 23.0894 24.5668 26.027 27.4564 28.8407 30.1655 31.4164 32.5796 33.6417 34.5901 35.4134 36.1017 36.6462 37.0401 37.2785 37.3583 37.2785 37.0401 36.6462 36.1017 35.4134 34.5901 33.6417 32.5796 31.4164 30.1655 28.8407 27.4564 26.027 24.5668 23.0894 21.6083 20.1359 18.6838 17.2624 15.881 14.5478 13.2697 12.0522 10.8997 9.81531 8.80109 7.85799 6.98601 6.18428 5.45119 4.7845 4.18142 3.63876 3.15301 2.72045 2.33721 1.99939 1.70309 1.44452 1.21997 1.02593 0.859075 0.716284 0.594678 0.491611 0.404672 0.331686 0.270703 0.21999 0.178014 
0.199379 0.246392 0.303192 0.371494 0.45324 0.550613 0.66605 0.802251 0.96218 1.14906 1.36639 1.61789 1.9075 2.23935 2.61771 3.04695 3.53143 4.07548 4.68326 5.35872 6.10543 6.9265 7.82446 8.80109 9.85738 10.9933 12.2078 13.4987 14.8623 16.2938 17.787 19.3342 20.9262 22.5526 24.2017 25.8606 27.5152 29.1508 30.7517 32.3021 33.7859 35.187 36.4898 37.6793 38.7415 39.6637 40.4345 41.0444 41.4856 41.7526 41.842 41.7526 41.4856 41.0444 40.4345 39.6637 38.7415 37.6793 36.4898 35.187 33.7859 32.3021 30.7517 29.1508 27.5152 25.8606 24.2017 22.5526 20.9262 19.3342 17.787 16.2938 14.8623 13.4987 12.2078 10.9933 9.85738 8.80109 7.82446 6.9265 6.10543 5.35872 4.68326 4.07548 3.53143 3.04695 2.61771 2.23935 1.9075 1.61789 1.36639 1.14906 0.96218 0.802251 0.66605 0.550613 0.45324 0.371494 0.303192 0.246392 0.199379 
0.222355 0.274786 0.338132 0.414304 0.50547 0.614064 0.742805 0.894701 1.07306 1.28148 1.52385 1.80433 2.12731 2.49741 2.91937 3.39807 3.93838 4.54512 5.22295 5.97625 6.80901 7.7247 8.72613 9.81531 10.9933 12.2602 13.6146 15.0542 16.575 18.1715 19.8368 21.5622 23.3377 25.1515 26.9907 28.8407 30.686 32.51 34.2955 36.0245 37.6793 39.2418 40.6948 42.0214 43.206 44.2345 45.0941 45.7742 46.2663 46.5641 46.6638 46.5641 46.2663 45.7742 45.0941 44.2345 43.206 42.0214 40.6948 39.2418 37.6793 36.0245 34.2955 32.51 30.686 28.8407 26.9907 25.1515 23.3377 21.5622 19.8368 18.1715 16.575 15.0542 13.6146 12.2602 10.9933 9.81531 8.72613 7.7247 6.80901 5.97625 5.22295 4.54512 3.93838 3.39807 2.91937 2.49741 2.12731 1.80433 1.52385 1.28148 1.07306 0.894701 0.742805 0.614064 0.50547 0.414304 0.338132 0.274786 0.222355 
0.24692 0.305144 0.375488 0.460076 0.561313 0.681905 0.824868 0.993545 1.19161 1.42305 1.6922 2.00367 2.36233 2.77331 3.2419 3.77348 4.37349 5.04726 5.79997 6.63649 7.56125 8.57811 9.69017 10.8997 12.2078 13.6146 15.1188 16.7174 18.4062 20.1791 22.0283 23.9443 25.916 27.9302 29.9726 32.027 34.0761 36.1017 38.0843 40.0045 41.842 43.5772 45.1906 46.6638 47.9793 49.1214 50.076 50.8313 51.3777 51.7084 51.8191 51.7084 51.3777 50.8313 50.076 49.1214 47.9793 46.6638 45.1906 43.5772 41.842 40.0045 38.0843 36.1017 34.0761 32.027 29.9726 27.9302 25.916 23.9443 22.0283 20.1791 18.4062 16.7174 15.1188 13.6146 12.2078 10.8997 9.69017 8.57811 7.56125 6.63649 5.79997 5.04726 4.37349 3.77348 3.2419 2.77331 2.36233 2.00367 1.6922 1.42305 1.19161 0.993545 0.824868 0.681905 0.561313 0.460076 0.375488 0.305144 0.24692 
0.273029 0.337409 0.415191 0.508723 0.620665 0.754008 0.912088 1.0986 1.31761 1.57353 1.87113 2.21553 2.61212 3.06656 3.58469 4.17248 4.83593 5.58095 6.41325 7.33822 8.36077 9.48514 10.7148 12.0522 13.4987 15.0542 16.7174 18.4851 20.3524 22.3128 24.3575 26.4762 28.6563 30.8835 33.1418 35.4134 37.6793 39.919 42.1113 44.2345 46.2663 48.185 49.969 51.5979 53.0526 54.3154 55.3709 56.2061 56.8103 57.176 57.2984 57.176 56.8103 56.2061 55.3709 54.3154 53.0526 51.5979 49.969 48.185 46.2663 44.2345 42.1113 39.919 37.6793 35.4134 33.1418 30.8835 28.6563 26.4762 24.3575 22.3128 20.3524 18.4851 16.7174 15.0542 13.4987 12.0522 10.7148 9.48514 8.36077 7.33822 6.41325 5.58095 4.83593 4.17248 3.58469 3.06656 2.61212 2.21553 1.87113 1.57353 1.31761 1.0986 0.912088 0.754008 0.620665 0.508723 0.415191 0.337409 0.273029 
0.30061 0.371494 0.457133 0.560114 0.683364 0.830177 1.00423 1.20958 1.45071 1.73248 2.06015 2.43934 2.876 3.37634 3.94681 4.59398 5.32445 6.14473 7.06111 8.07952 9.20536 10.4433 11.7972 13.2697 14.8623 16.575 18.4062 20.3524 22.4084 24.5668 26.8181 29.1508 31.5511 34.0033 36.4898 38.9909 41.4856 43.9516 46.3654 48.703 50.9401 53.0526 55.0168 56.8103 58.4119 59.8023 60.9645 61.884 62.5492 62.9518 63.0866 62.9518 62.5492 61.884 60.9645 59.8023 58.4119 56.8103 55.0168 53.0526 50.9401 48.703 46.3654 43.9516 41.4856 38.9909 36.4898 34.0033 31.5511 29.1508 26.8181 24.5668 22.4084 20.3524 18.4062 16.575 14.8623 13.2697 11.7972 10.4433 9.20536 8.07952 7.06111 6.14473 5.32445 4.59398 3.94681 3.37634 2.876 2.43934 2.06015 1.73248 1.45071 1.20958 1.00423 0.830177 0.683364 0.560114 0.457133 0.371494 0.30061 
0.329565 0.407276 0.501164 0.614064 0.749186 0.91014 1.10095 1.32609 1.59044 1.89935 2.25859 2.6743 3.15301 3.70155 4.32697 5.03648 5.8373 6.73659 7.74124 8.85774 10.092 11.4492 12.9335 14.5478 16.2938 18.1715 20.1791 22.3128 24.5668 26.933 29.4012 31.9586 34.5901 37.2785 40.0045 42.7465 45.4815 48.185 50.8313 53.394 55.8466 58.1626 60.316 62.2823 64.0381 65.5624 66.8365 67.8446 68.574 69.0153 69.1631 69.0153 68.574 67.8446 66.8365 65.5624 64.0381 62.2823 60.316 58.1626 55.8466 53.394 50.8313 48.185 45.4815 42.7465 40.0045 37.2785 34.5901 31.9586 29.4012 26.933 24.5668 22.3128 20.1791 18.1715 16.2938 14.5478 12.9335 11.4492 10.092 8.85774 7.74124 6.73659 5.8373 5.03648 4.32697 3.70155 3.15301 2.6743 2.25859 1.89935 1.59044 1.32609 1.10095 0.91014 0.749186 0.614064 0.501164 0.407276 0.329565 
0.359766 0.444599 0.547091 0.670337 0.817842 0.993545 1.20185 1.44761 1.73619 2.07341 2.46557 2.91937 3.44195 4.04076 4.7235 5.49802 6.37224 7.35393 8.45065 9.66947 11.0169 12.4984 14.1187 15.881 17.787 19.8368 22.0283 24.3575 26.8181 29.4012 32.0955 34.8873 37.76 40.6948 43.6705 46.6638 49.6494 52.6007 55.4895 58.2871 60.9645 63.4926 65.8434 67.9899 69.9066 71.5706 72.9615 74.0619 74.8581 75.3399 75.5012 75.3399 74.8581 74.0619 72.9615 71.5706 69.9066 67.9899 65.8434 63.4926 60.9645 58.2871 55.4895 52.6007 49.6494 46.6638 43.6705 40.6948 37.76 34.8873 32.0955 29.4012 26.8181 24.3575 22.0283 19.8368 17.787 15.881 14.1187 12.4984 11.0169 9.66947 8.45065 7.35393 6.37224 5.49802 4.7235 4.04076 3.44195 2.91937 2.46557 2.07341 1.73619 1.44761 1.20185 0.993545 0.817842 0.670337 0.547091 0.444599 0.359766 
0.391059 0.483271 0.594678 0.728644 0.888979 1.07997 1.30638 1.57353 1.88721 2.25376 2.68002 3.1733 3.74134 4.39223 5.13435 5.97625 6.9265 7.99359 9.1857 10.5105 11.9751 13.5856 15.3468 17.2624 19.3342 21.5622 23.9443 26.4762 29.1508 31.9586 34.8873 37.9218 41.0444 44.2345 47.469 50.7227 53.968 57.176 60.316 63.357 66.2672 69.0153 71.5706 73.9037 75.9872 77.7959 79.3078 80.504 81.3694 81.8931 82.0684 81.8931 81.3694 80.504 79.3078 77.7959 75.9872 73.9037 71.5706 69.0153 66.2672 63.357 60.316 57.176 53.968 50.7227 47.469 44.2345 41.0444 37.9218 34.8873 31.9586 29.1508 26.4762 23.9443 21.5622 19.3342 17.2624 15.3468 13.5856 11.9751 10.5105 9.1857 7.99359 6.9265 5.97625 5.13435 4.39223 3.74134 3.1733 2.68002 2.25376 1.88721 1.57353 1.30638 1.07997 0.888979 0.728644 0.594678 0.483271 0.391059 
0.42326 0.523065 0.643645 0.788643 0.96218 1.16889 1.41395 1.70309 2.04261 2.43934 2.9007 3.4346 4.04941 4.7539 5.55713 6.46835 7.49685 8.6518 9.94207 11.376 12.9612 14.7042 16.6105 18.6838 20.9262 23.3377 25.916 28.6563 31.5511 34.5901 37.76 41.0444 44.4241 47.8768 51.3777 54.8993 58.4119 61.884 65.2826 68.574 71.7238 74.6982 77.4639 79.9891 82.2441 84.2018 85.8382 87.1328 88.0695 88.6364 88.8261 88.6364 88.0695 87.1328 85.8382 84.2018 82.2441 79.9891 77.4639 74.6982 71.7238 68.574 65.2826 61.884 58.4119 54.8993 51.3777 47.8768 44.4241 41.0444 37.76 34.5901 31.5511 28.6563 25.916 23.3377 20.9262 18.6838 16.6105 14.7042 12.9612 11.376 9.94207 8.6518 7.49685 6.46835 5.55713 4.7539 4.04941 3.4346 2.9007 2.43934 2.04261 1.70309 1.41395 1.16889 0.96218 0.788643 0.643645 0.523065 0.42326 
0.456157 0.563719 0.693671 0.849938 1.03696 1.25974 1.52385 1.83546 2.20136 2.62893 3.12615 3.70155 4.36414 5.12339 5.98904 6.97109 8.07952 9.32424 10.7148 12.2602 13.9686 15.8471 17.9015 20.1359 22.5526 25.1515 27.9302 30.8835 34.0033 37.2785 40.6948 44.2345 47.8768 51.5979 55.3709 59.1662 62.9518 66.6938 70.3565 73.9037 77.2984 80.504 83.4846 86.2061 88.6364 90.7462 92.5098 93.905 94.9146 95.5255 95.73 95.5255 94.9146 93.905 92.5098 90.7462 88.6364 86.2061 83.4846 80.504 77.2984 73.9037 70.3565 66.6938 62.9518 59.1662 55.3709 51.5979 47.8768 44.2345 40.6948 37.2785 34.0033 30.8835 27.9302 25.1515 22.5526 20.1359 17.9015 15.8471 13.9686 12.2602 10.7148 9.32424 8.07952 6.97109 5.98904 5.12339 4.36414 3.70155 3.12615 2.62893 2.20136 1.83546 1.52385 1.25974 1.03696 0.849938 0.693671 0.563719 0.456157 
0.489512 0.60494 0.744395 0.912088 1.11279 1.35186 1.63528 1.96968 2.36233 2.82117 3.35475 3.97222 4.68326 5.49802 6.42698 7.48083 8.67032 10.0061 11.4983 13.1567 14.99 17.0059 19.2105 21.6083 24.2017 26.9907 29.9726 33.1418 36.4898 40.0045 43.6705 47.469 51.3777 55.3709 59.4198 63.4926 67.5551 71.5706 75.5012 79.3078 82.9507 86.3907 89.5893 92.5098 95.1178 97.3819 99.2743 100.772 101.855 102.511 102.73 102.511 101.855 100.772 99.2743 97.3819 95.1178 92.5098 89.5893 86.3907 82.9507 79.3078 75.5012 71.5706 67.5551 63.4926 59.4198 55.3709 51.3777 47.469 43.6705 40.0045 36.4898 33.1418 29.9726 26.9907 24.2017 21.6083 19.2105 17.0059 14.99 13.1567 11.4983 10.0061 8.67032 7.48083 6.42698 5.49802 4.68326 3.97222 3.35475 2.82117 2.36233 1.96968 1.63528 1.35186 1.11279 0.912088 0.744395 0.60494 0.489512 
0.523065 0.646404 0.795418 0.974605 1.18906 1.44452 1.74737 2.10469 2.52425 3.01454 3.58469 4.24448 5.00427 5.87487 6.8675 7.99359 9.26461 10.6919 12.2864 14.0585 16.0174 18.1715 20.5273 23.0894 25.8606 28.8407 32.027 35.4134 38.9909 42.7465 46.6638 50.7227 54.8993 59.1662 63.4926 67.8446 72.1855 76.4763 80.6763 84.7438 88.6364 92.3121 95.73 98.8506 101.637 104.057 106.079 107.679 108.836 109.537 109.771 109.537 108.836 107.679 106.079 104.057 101.637 98.8506 95.73 92.3121 88.6364 84.7438 80.6763 76.4763 72.1855 67.8446 63.4926 59.1662 54.8993 50.7227 46.6638 42.7465 38.9909 35.4134 32.027 28.8407 25.8606 23.0894 20.5273 18.1715 16.0174 14.0585 12.2864 10.6919 9.26461 7.99359 6.8675 5.87487 5.00427 4.24448 3.58469 3.01454 2.52425 2.10469 1.74737 1.44452 1.18906 0.974605 0.795418 0.646404 0.523065 
0.556532 0.687763 0.84631 1.03696 1.26514 1.53694 1.85917 2.23935 2.68576 3.20742 3.81405 4.51606 5.32445 6.25076 7.3069 8.50504 9.85738 11.376 13.0725 14.958 17.0423 19.3342 21.8406 24.5668 27.5152 30.686 34.0761 37.6793 41.4856 45.4815 49.6494 53.968 58.4119 62.9518 67.5551 72.1855 76.8041 81.3694 85.8382 90.1659 94.3076 98.2185 101.855 105.175 108.14 110.714 112.866 114.568 115.8 116.545 116.795 116.545 115.8 114.568 112.866 110.714 108.14 105.175 101.855 98.2185 94.3076 90.1659 85.8382 81.3694 76.8041 72.1855 67.5551 62.9518 58.4119 53.968 49.6494 45.4815 41.4856 37.6793 34.0761 30.686 27.5152 24.5668 21.8406 19.3342 17.0423 14.958 13.0725 11.376 9.85738 8.50504 7.3069 6.25076 5.32445 4.51606 3.81405 3.20742 2.68576 2.23935 1.85917 1.53694 1.26514 1.03696 0.84631 0.687763 0.556532 
0.589613 0.728644 0.896616 1.0986 1.34034 1.6283 1.96968 2.37246 2.84541 3.39807 4.04076 4.7845 5.64094 6.62231 7.74124 9.01059 10.4433 12.0522 13.8496 15.8471 18.0553 20.4834 23.1389 26.027 29.1508 32.51 36.1017 39.919 43.9516 48.185 52.6007 57.176 61.884 66.6938 71.5706 76.4763 81.3694 86.2061 90.9405 95.5255 99.9133 104.057 107.909 111.427 114.568 117.296 119.575 121.378 122.683 123.473 123.737 123.473 122.683 121.378 119.575 117.296 114.568 111.427 107.909 104.057 99.9133 95.5255 90.9405 86.2061 81.3694 76.4763 71.5706 66.6938 61.884 57.176 52.6007 48.185 43.9516 39.919 36.1017 32.51 29.1508 26.027 23.1389 20.4834 18.0553 15.8471 13.8496 12.0522 10.4433 9.01059 7.74124 6.62231 5.64094 4.7845 4.04076 3.39807 2.84541 2.37246 1.96968 1.6283 1.34034 1.0986 0.896616 0.728644 0.589613 
0.621994 0.768661 0.945858 1.15894 1.41395 1.71773 2.07785 2.50275 3.00167 3.58469 4.26268 5.04726 5.95074 6.98601 8.16638 9.50545 11.0169 12.7141 14.6102 16.7174 19.0469 21.6083 24.4097 27.4564 30.7517 34.2955 38.0843 42.1113 46.3654 50.8313 55.4895 60.316 65.2826 70.3565 75.5012 80.6763 85.8382 90.9405 95.9349 100.772 105.401 109.771 113.836 117.547 120.86 123.737 126.142 128.045 129.421 130.254 130.533 130.254 129.421 128.045 126.142 123.737 120.86 117.547 113.836 109.771 105.401 100.772 95.9349 90.9405 85.8382 80.6763 75.5012 70.3565 65.2826 60.316 55.4895 50.8313 46.3654 42.1113 38.0843 34.2955 30.7517 27.4564 24.4097 21.6083 19.0469 16.7174 14.6102 12.7141 11.0169 9.50545 8.16638 6.98601 5.95074 5.04726 4.26268 3.58469 3.00167 2.50275 2.07785 1.71773 1.41395 1.15894 0.945858 0.768661 0.621994 
0.653353 0.807415 0.993545 1.21737 1.48524 1.80433 2.18261 2.62893 3.15301 3.76542 4.47759 5.30173 6.25076 7.33822 8.57811 9.98468 11.5723 13.3551 15.3468 17.5602 20.0072 22.6978 25.6403 28.8407 32.3021 36.0245 40.0045 44.2345 48.703 53.394 58.2871 63.357 68.574 73.9037 79.3078 84.7438 90.1659 95.5255 100.772 105.852 110.714 115.306 119.575 123.473 126.954 129.976 132.502 134.5 135.946 136.821 137.114 136.821 135.946 134.5 132.502 129.976 126.954 123.473 119.575 115.306 110.714 105.852 100.772 95.5255 90.1659 84.7438 79.3078 73.9037 68.574 63.357 58.2871 53.394 48.703 44.2345 40.0045 36.0245 32.3021 28.8407 25.6403 22.6978 20.0072 17.5602 15.3468 13.3551 11.5723 9.98468 8.57811 7.33822 6.25076 5.30173 4.47759 3.76542 3.15301 2.62893 2.18261 1.80433 1.48524 1.21737 0.993545 0.807415 0.653353 
0.683364 0.844503 1.03918 1.27328 1.55346 1.88721 2.28287 2.74969 3.29784 3.93838 4.68326 5.54526 6.53788 7.6753 8.97213 10.4433 12.1039 13.9686 16.0517 18.3669 20.9262 23.7404 26.8181 30.1655 33.7859 37.6793 41.842 46.2663 50.9401 55.8466 60.9645 66.2672 71.7238 77.2984 82.9507 88.6364 94.3076 99.9133 105.401 110.714 115.8 120.602 125.068 129.145 132.785 135.946 138.588 140.678 142.191 143.106 143.412 143.106 142.191 140.678 138.588 135.946 132.785 129.145 125.068 120.602 115.8 110.714 105.401 99.9133 94.3076 88.6364 82.9507 77.2984 71.7238 66.2672 60.9645 55.8466 50.9401 46.2663 41.842 37.6793 33.7859 30.1655 26.8181 23.7404 20.9262 18.3669 16.0517 13.9686 12.1039 10.4433 8.97213 7.6753 6.53788 5.54526 4.68326 3.93838 3.29784 2.74969 2.28287 1.88721 1.55346 1.27328 1.03918 0.844503 0.683364 
0.711703 0.879524 1.08228 1.32609 1.61789 1.96547 2.37754 2.86372 3.4346 4.10171 4.87748 5.77522 6.80901 7.99359 9.3442 10.8764 12.6058 14.5478 16.7174 19.1285 21.794 24.7249 27.9302 31.4164 35.187 39.2418 43.5772 48.185 53.0526 58.1626 63.4926 69.0153 74.6982 80.504 86.3907 92.3121 98.2185 104.057 109.771 115.306 120.602 125.604 130.254 134.5 138.292 141.584 144.335 146.512 148.087 149.04 149.359 149.04 148.087 146.512 144.335 141.584 138.292 134.5 130.254 125.604 120.602 115.306 109.771 104.057 98.2185 92.3121 86.3907 80.504 74.6982 69.0153 63.4926 58.1626 53.0526 48.185 43.5772 39.2418 35.187 31.4164 27.9302 24.7249 21.794 19.1285 16.7174 14.5478 12.6058 10.8764 9.3442 7.99359 6.80901 5.77522 4.87748 4.10171 3.4346 2.86372 2.37754 1.96547 1.61789 1.32609 1.08228 0.879524 0.711703 
0.738054 0.912088 1.12235 1.37519 1.67779 2.03824 2.46557 2.96975 3.56177 4.25357 5.05806 5.98904 7.06111 8.28955 9.69017 11.2791 13.0725 15.0865 17.3364 19.8368 22.6009 25.6403 28.9643 32.5796 36.4898 40.6948 45.1906 49.969 55.0168 60.316 65.8434 71.5706 77.4639 83.4846 89.5893 95.73 101.855 107.909 113.836 119.575 125.068 130.254 135.077 139.48 143.412 146.826 149.679 151.937 153.57 154.559 154.889 154.559 153.57 151.937 149.679 146.826 143.412 139.48 135.077 130.254 125.068 119.575 113.836 107.909 101.855 95.73 89.5893 83.4846 77.4639 71.5706 65.8434 60.316 55.0168 49.969 45.1906 40.6948 36.4898 32.5796 28.9643 25.6403 22.6009 19.8368 17.3364 15.0865 13.0725 11.2791 9.69017 8.28955 7.06111 5.98904 5.05806 4.25357 3.56177 2.96975 2.46557 2.03824 1.67779 1.37519 1.12235 0.912088 0.738054 
0.762114 0.941821 1.15894 1.42001 1.73248 2.10469 2.54594 3.06656 3.67788 4.39223 5.22295 6.18428 7.29129 8.55978 10.0061 11.6468 13.4987 15.5783 17.9015 20.4834 23.3377 26.4762 29.9085 33.6417 37.6793 42.0214 46.6638 51.5979 56.8103 62.2823 67.9899 73.9037 79.9891 86.2061 92.5098 98.8506 105.175 111.427 117.547 123.473 129.145 134.5 139.48 144.027 148.087 151.612 154.559 156.89 158.576 159.597 159.939 159.597 158.576 156.89 154.559 151.612 148.087 144.027 139.48 134.5 129.145 123.473 117.547 111.427 105.175 98.8506 92.5098 86.2061 79.9891 73.9037 67.9899 62.2823 56.8103 51.5979 46.6638 42.0214 37.6793 33.6417 29.9085 26.4762 23.3377 20.4834 17.9015 15.5783 13.4987 11.6468 10.0061 8.55978 7.29129 6.18428 5.22295 4.39223 3.67788 3.06656 2.54594 2.10469 1.73248 1.42001 1.15894 0.941821 0.762114 
0.783599 0.968373 1.19161 1.46005 1.78132 2.16402 2.61771 3.15301 3.78156 4.51606 5.37019 6.35862 7.49685 8.80109 10.2881 11.9751 13.8792 16.0174 18.4062 21.0609 23.9956 27.2226 30.7517 34.5901 38.7415 43.206 47.9793 53.0526 58.4119 64.0381 69.9066 75.9872 82.2441 88.6364 95.1178 101.637 108.14 114.568 120.86 126.954 132.785 138.292 143.412 148.087 152.262 155.886 158.916 161.313 163.047 164.096 164.448 164.096 163.047 161.313 158.916 155.886 152.262 148.087 143.412 138.292 132.785 126.954 120.86 114.568 108.14 101.637 95.1178 88.6364 82.2441 75.9872 69.9066 64.0381 58.4119 53.0526 47.9793 43.206 38.7415 34.5901 30.7517 27.2226 23.9956 21.0609 18.4062 16.0174 13.8792 11.9751 10.2881 8.80109 7.49685 6.35862 5.37019 4.51606 3.78156 3.15301 2.61771 2.16402 1.78132 1.46005 1.19161 0.968373 0.783599 
0.802251 0.991423 1.21997 1.4948 1.82373 2.21553 2.68002 3.22806 3.87157 4.62355 5.49802 6.50998 7.6753 9.01059 10.533 12.2602 14.2096 16.3987 18.8443 21.5622 24.5668 27.8706 31.4837 35.4134 39.6637 44.2345 49.1214 54.3154 59.8023 65.5624 71.5706 77.7959 84.2018 90.7462 97.3819 104.057 110.714 117.296 123.737 129.976 135.946 141.584 146.826 151.612 155.886 159.597 162.699 165.152 166.928 168.002 168.362 168.002 166.928 165.152 162.699 159.597 155.886 151.612 146.826 141.584 135.946 129.976 123.737 117.296 110.714 104.057 97.3819 90.7462 84.2018 77.7959 71.5706 65.5624 59.8023 54.3154 49.1214 44.2345 39.6637 35.4134 31.4837 27.8706 24.5668 21.5622 18.8443 16.3987 14.2096 12.2602 10.533 9.01059 7.6753 6.50998 5.49802 4.62355 3.87157 3.22806 2.68002 2.21553 1.82373 1.4948 1.21997 0.991423 0.802251 
0.817842 1.01069 1.24368 1.52385 1.85917 2.25859 2.73211 3.2908 3.94681 4.71341 5.60487 6.63649 7.82446 9.1857 10.7377 12.4984 14.4857 16.7174 19.2105 21.9812 25.0442 28.4122 32.0955 36.1017 40.4345 45.0941 50.076 55.3709 60.9645 66.8365 72.9615 79.3078 85.8382 92.5098 99.2743 106.079 112.866 119.575 126.142 132.502 138.588 144.335 149.679 154.559 158.916 162.699 165.86 168.362 170.172 171.267 171.634 171.267 170.172 168.362 165.86 162.699 158.916 154.559 149.679 144.335 138.588 132.502 126.142 119.575 112.866 106.079 99.2743 92.5098 85.8382 79.3078 72.9615 66.8365 60.9645 55.3709 50.076 45.0941 40.4345 36.1017 32.0955 28.4122 25.0442 21.9812 19.2105 16.7174 14.4857 12.4984 10.7377 9.1857 7.82446 6.63649 5.60487 4.71341 3.94681 3.2908 2.73211 2.25859 1.85917 1.52385 1.24368 1.01069 0.817842 
0.830177 1.02593 1.26244 1.54683 1.88721 2.29265 2.77331 3.34043 4.00634 4.7845 5.68941 6.73659 7.94247 9.32424 10.8997 12.6869 14.7042 16.9695 19.5003 22.3128 25.4219 28.8407 32.5796 36.6462 41.0444 45.7742 50.8313 56.2061 61.884 67.8446 74.0619 80.504 87.1328 93.905 100.772 107.679 114.568 121.378 128.045 134.5 140.678 146.512 151.937 156.89 161.313 165.152 168.362 170.901 172.739 173.85 174.223 173.85 172.739 170.901 168.362 165.152 161.313 156.89 151.937 146.512 140.678 134.5 128.045 121.378 114.568 107.679 100.772 93.905 87.1328 80.504 74.0619 67.8446 61.884 56.2061 50.8313 45.7742 41.0444 36.6462 32.5796 28.8407 25.4219 22.3128 19.5003 16.9695 14.7042 12.6869 10.8997 9.32424 7.94247 6.73659 5.68941 4.7845 4.00634 3.34043 2.77331 2.29265 1.88721 1.54683 1.26244 1.02593 0.830177 
